D287_R5217_Andata_sub2,45.89595,11.04336,1
D287_R5217_Andata_sub2,45.89539,11.04348,2
D287_R5217_Andata_sub2,45.89162,11.04389,3
D287_R5217_Andata_sub2,45.89105,11.04384,4
D287_R5217_Andata_sub2,45.89104,11.04378,5
D287_R5217_Andata_sub2,45.89109,11.04362,6
D287_R5217_Andata_sub2,45.89107,11.04342,7
D287_R5217_Andata_sub2,45.89095,11.04335,8
D287_R5217_Andata_sub2,45.89095,11.04037,9
D287_R5217_Andata_sub2,45.89095,11.03991,10
D287_R5217_Andata_sub2,45.89185,11.04020,11
D287_R5217_Andata_sub2,45.89315,11.03679,12
D287_R5217_Andata_sub2,45.89327,11.03640,13
D287_R5217_Andata_sub2,45.89400,11.03454,14
D287_R5217_Andata_sub2,45.89408,11.03425,15
D287_R5217_Andata_sub2,45.89450,11.03325,16
D287_R5217_Andata_sub2,45.89467,11.03298,17
D287_R5217_Andata_sub2,45.89518,11.03250,18
D287_R5217_Andata_sub2,45.89563,11.03205,19
D287_R5217_Andata_sub2,45.89604,11.03081,20
D287_R5217_Andata_sub2,45.89609,11.03052,21
D287_R5217_Andata_sub2,45.89606,11.03027,22
D287_R5217_Andata_sub2,45.89583,11.02977,23
D287_R5217_Andata_sub2,45.89586,11.02907,24
D287_R5217_Andata_sub2,45.89546,11.02887,25
D287_R5217_Andata_sub2,45.89529,11.02953,26
D287_R5217_Andata_sub2,45.89500,11.02954,27
D287_R5217_Andata_sub2,45.89452,11.02977,28
D287_R5217_Andata_sub2,45.89396,11.03034,29
D287_R5217_Andata_sub2,45.89192,11.03273,30
D287_R5217_Andata_sub2,45.89175,11.03301,31
D287_R5217_Andata_sub2,45.89054,11.03271,32
D287_R5217_Andata_sub2,45.88830,11.03227,33
D287_R5217_Andata_sub2,45.88758,11.03222,34
D287_R5217_Andata_sub2,45.88735,11.03121,35
D287_R5217_Andata_sub2,45.88722,11.03026,36
D287_R5217_Andata_sub2,45.88757,11.02363,37
D287_R5217_Andata_sub2,45.88726,11.02344,38
D287_R5217_Andata_sub2,45.88705,11.02339,39
D287_R5217_Andata_sub2,45.88521,11.02321,40
D287_R5217_Andata_sub2,45.88496,11.02327,41
D287_R5217_Andata_sub2,45.88480,11.02336,42
D287_R5217_Andata_sub2,45.88451,11.02212,43
D287_R5217_Andata_sub2,45.88419,11.02145,44
D287_R5217_Andata_sub2,45.88396,11.02108,45
D287_R5217_Andata_sub2,45.88374,11.02058,46
D287_R5217_Andata_sub2,45.88339,11.01944,47
D287_R5217_Andata_sub2,45.88340,11.01893,48
D287_R5217_Andata_sub2,45.88353,11.01846,49
D287_R5217_Andata_sub2,45.88439,11.01800,50
D287_R5217_Andata_sub2,45.88456,11.01800,51
D287_R5217_Andata_sub2,45.88460,11.01811,52
D287_R5217_Andata_sub2,45.88467,11.01812,53
D287_R5217_Andata_sub2,45.88472,11.01803,54
D287_R5217_Andata_sub2,45.88473,11.01792,55
D287_R5217_Andata_sub2,45.88466,11.01784,56
D287_R5217_Andata_sub2,45.88455,11.01790,57
D287_R5217_Andata_sub2,45.88439,11.01785,58
D287_R5217_Andata_sub2,45.88344,11.01836,59
D287_R5217_Andata_sub2,45.88328,11.01891,60
D287_R5217_Andata_sub2,45.88329,11.01947,61
D287_R5217_Andata_sub2,45.88367,11.02067,62
D287_R5217_Andata_sub2,45.88388,11.02117,63
D287_R5217_Andata_sub2,45.88411,11.02152,64
D287_R5217_Andata_sub2,45.88440,11.02215,65
D287_R5217_Andata_sub2,45.88512,11.02481,66
D287_R5217_Andata_sub2,45.88630,11.02915,67
D327_R5368a_Ritorno_sub1,45.90274,11.00040,1
D327_R5368a_Ritorno_sub1,45.90278,11.00036,2
D327_R5368a_Ritorno_sub1,45.90276,11.00028,3
D327_R5368a_Ritorno_sub1,45.90270,11.00023,4
D327_R5368a_Ritorno_sub1,45.90264,11.00025,5
D327_R5368a_Ritorno_sub1,45.90264,11.00026,6
D327_R5368a_Ritorno_sub1,45.90263,11.00038,7
D327_R5368a_Ritorno_sub1,45.90261,11.00044,8
D327_R5368a_Ritorno_sub1,45.90205,11.00059,9
D327_R5368a_Ritorno_sub1,45.90167,11.00046,10
D327_R5368a_Ritorno_sub1,45.90110,11.00065,11
D327_R5368a_Ritorno_sub1,45.90071,11.00066,12
D327_R5368a_Ritorno_sub1,45.89875,11.00192,13
D327_R5368a_Ritorno_sub1,45.89729,11.00201,14
D327_R5368a_Ritorno_sub1,45.89694,11.00231,15
D327_R5368a_Ritorno_sub1,45.89653,11.00301,16
D327_R5368a_Ritorno_sub1,45.89652,11.00350,17
D327_R5368a_Ritorno_sub1,45.89658,11.00405,18
D327_R5368a_Ritorno_sub1,45.89645,11.00444,19
D327_R5368a_Ritorno_sub1,45.89618,11.00459,20
D327_R5368a_Ritorno_sub1,45.89545,11.00460,21
D327_R5368a_Ritorno_sub1,45.89518,11.00440,22
D327_R5368a_Ritorno_sub1,45.89373,11.00199,23
D327_R5368a_Ritorno_sub1,45.89296,11.00128,24
D327_R5368a_Ritorno_sub1,45.89129,11.00024,25
D327_R5368a_Ritorno_sub1,45.89055,11.00012,26
D327_R5368a_Ritorno_sub1,45.88997,10.99972,27
D327_R5368a_Ritorno_sub1,45.88913,10.99949,28
D327_R5368a_Ritorno_sub1,45.88877,10.99919,29
D327_R5368a_Ritorno_sub1,45.88859,10.99922,30
D327_R5368a_Ritorno_sub1,45.88848,10.99933,31
D327_R5368a_Ritorno_sub1,45.88851,10.99953,32
D327_R5368a_Ritorno_sub1,45.88864,10.99964,33
D327_R5368a_Ritorno_sub1,45.88923,11.00015,34
D327_R5368a_Ritorno_sub1,45.88957,11.00061,35
D327_R5368a_Ritorno_sub1,45.88985,11.00088,36
D327_R5368a_Ritorno_sub1,45.88990,11.00100,37
D327_R5368a_Ritorno_sub1,45.88989,11.00107,38
D327_R5368a_Ritorno_sub1,45.88980,11.00114,39
D327_R5368a_Ritorno_sub1,45.88921,11.00092,40
D327_R5368a_Ritorno_sub1,45.88860,11.00114,41
D327_R5368a_Ritorno_sub1,45.88761,11.00123,42
D327_R5368a_Ritorno_sub1,45.88700,11.00123,43
D327_R5368a_Ritorno_sub1,45.88700,11.00123,44
D327_R5368a_Ritorno_sub1,45.88695,11.00140,45
D327_R5368a_Ritorno_sub1,45.88760,11.00236,46
D327_R5368a_Ritorno_sub1,45.88869,11.00342,47
D327_R5368a_Ritorno_sub1,45.88892,11.00372,48
D327_R5368a_Ritorno_sub1,45.88971,11.00452,49
D327_R5368a_Ritorno_sub1,45.89045,11.00503,50
D327_R5368a_Ritorno_sub1,45.89097,11.00580,51
D327_R5368a_Ritorno_sub1,45.89173,11.00667,52
D327_R5368a_Ritorno_sub1,45.89207,11.00690,53
D327_R5368a_Ritorno_sub1,45.89207,11.00709,54
D327_R5368a_Ritorno_sub1,45.89199,11.00715,55
D327_R5368a_Ritorno_sub1,45.89159,11.00708,56
D327_R5368a_Ritorno_sub1,45.89147,11.00712,57
D327_R5368a_Ritorno_sub1,45.89081,11.00759,58
D327_R5368a_Ritorno_sub1,45.89033,11.00802,59
D327_R5368a_Ritorno_sub1,45.89015,11.00808,60
D327_R5368a_Ritorno_sub1,45.89003,11.00808,61
D327_R5368a_Ritorno_sub1,45.88966,11.00793,62
D327_R5368a_Ritorno_sub1,45.88873,11.00797,63
D327_R5368a_Ritorno_sub1,45.88851,11.00787,64
D327_R5368a_Ritorno_sub1,45.88765,11.00722,65
D327_R5368a_Ritorno_sub1,45.88752,11.00718,66
D327_R5368a_Ritorno_sub1,45.88733,11.00721,67
D327_R5368a_Ritorno_sub1,45.88702,11.00745,68
D327_R5368a_Ritorno_sub1,45.88679,11.00748,69
D327_R5368a_Ritorno_sub1,45.88596,11.00711,70
D327_R5368a_Ritorno_sub1,45.88569,11.00713,71
D327_R5368a_Ritorno_sub1,45.88569,11.00713,72
D327_R5368a_Ritorno_sub1,45.88435,11.00806,73
D327_R5368a_Ritorno_sub1,45.88435,11.00806,74
D327_R5368a_Ritorno_sub1,45.88431,11.00814,75
D327_R5368a_Ritorno_sub1,45.88435,11.00828,76
D327_R5368a_Ritorno_sub1,45.88503,11.00840,77
D327_R5368a_Ritorno_sub1,45.88527,11.00850,78
D327_R5368a_Ritorno_sub1,45.88527,11.00850,79
D327_R5368a_Ritorno_sub1,45.88533,11.00924,80
D327_R5368a_Ritorno_sub1,45.88533,11.00924,81
D327_R5368a_Ritorno_sub1,45.88503,11.00929,82
D327_R5368a_Ritorno_sub1,45.88503,11.00929,83
D327_R5368a_Ritorno_sub1,45.88498,11.00952,84
D327_R5368a_Ritorno_sub1,45.88470,11.00958,85
D327_R5368a_Ritorno_sub1,45.88423,11.00936,86
D327_R5368a_Ritorno_sub1,45.88365,11.00918,87
D327_R5368a_Ritorno_sub1,45.88290,11.00926,88
D327_R5368a_Ritorno_sub1,45.88264,11.00915,89
D327_R5368a_Ritorno_sub1,45.88237,11.00915,90
D327_R5368a_Ritorno_sub1,45.88237,11.00915,91
D327_R5368a_Ritorno_sub1,45.88237,11.00932,92
D327_R5368a_Ritorno_sub1,45.88237,11.00932,93
D327_R5368a_Ritorno_sub1,45.88216,11.00947,94
D327_R5368a_Ritorno_sub1,45.88216,11.00947,95
D327_R5368a_Ritorno_sub1,45.88181,11.00912,96
D327_R5368a_Ritorno_sub1,45.88145,11.00887,97
D327_R5368a_Ritorno_sub1,45.88087,11.00864,98
D327_R5368a_Ritorno_sub1,45.88087,11.00864,99
D327_R5368a_Ritorno_sub1,45.88067,11.01000,100
D327_R5368a_Ritorno_sub1,45.88068,11.01024,101
D327_R5368a_Ritorno_sub1,45.88079,11.01051,102
D327_R5368a_Ritorno_sub1,45.88099,11.01065,103
D327_R5368a_Ritorno_sub1,45.88117,11.01070,104
D327_R5368a_Ritorno_sub1,45.88231,11.01087,105
D327_R5368a_Ritorno_sub1,45.88281,11.01089,106
D327_R5368a_Ritorno_sub1,45.88423,11.01225,107
D327_R5368a_Ritorno_sub1,45.88443,11.01239,108
D327_R5368a_Ritorno_sub1,45.88466,11.01247,109
D327_R5368a_Ritorno_sub1,45.88466,11.01247,110
D327_R5368a_Ritorno_sub1,45.88475,11.01262,111
D327_R5368a_Ritorno_sub1,45.88483,11.01420,112
D327_R5368a_Ritorno_sub1,45.88483,11.01559,113
D327_R5368a_Ritorno_sub1,45.88467,11.01611,114
D327_R5368a_Ritorno_sub1,45.88434,11.01644,115
D327_R5368a_Ritorno_sub1,45.88434,11.01644,116
D327_R5368a_Ritorno_sub1,45.88431,11.01660,117
D327_R5368a_Ritorno_sub1,45.88444,11.01708,118
D327_R5368a_Ritorno_sub1,45.88458,11.01787,119
D327_R5368a_Ritorno_sub1,45.88458,11.01787,120
D327_R5368a_Ritorno_sub1,45.88455,11.01793,121
D327_R5368a_Ritorno_sub1,45.88440,11.01787,122
D327_R5368a_Ritorno_sub1,45.88387,11.01809,123
D327_R5368a_Ritorno_sub1,45.88343,11.01835,124
D327_R5368a_Ritorno_sub1,45.88329,11.01893,125
D327_R5368a_Ritorno_sub1,45.88331,11.01950,126
D327_R5368a_Ritorno_sub1,45.88367,11.02064,127
D327_R5368a_Ritorno_sub1,45.88367,11.02064,128
D327_R5368a_Ritorno_sub1,45.88386,11.02111,129
D327_R5368a_Ritorno_sub1,45.88408,11.02145,130
D327_R5368a_Ritorno_sub1,45.88408,11.02145,131
D327_R5368a_Ritorno_sub1,45.88430,11.02185,132
D327_R5368a_Ritorno_sub1,45.88453,11.02252,133
D327_R5368a_Ritorno_sub1,45.88505,11.02460,134
D327_R5368a_Ritorno_sub1,45.88617,11.02855,135
D327_R5368a_Ritorno_sub1,45.88669,11.03058,136
D327_R5368a_Ritorno_sub1,45.88707,11.03113,137
D327_R5368a_Ritorno_sub1,45.88734,11.03167,138
D327_R5368a_Ritorno_sub1,45.88747,11.03205,139
D327_R5368a_Ritorno_sub1,45.88750,11.03227,140
D327_R5368a_Ritorno_sub1,45.88755,11.03235,141
D327_R5368a_Ritorno_sub1,45.88749,11.03325,142
D327_R5368a_Ritorno_sub1,45.88749,11.03325,143
D327_R5368a_Ritorno_sub1,45.88719,11.03502,144
D327_R5368a_Ritorno_sub1,45.88706,11.03516,145
D327_R5368a_Ritorno_sub1,45.88685,11.03520,146
D327_R5368a_Ritorno_sub1,45.88685,11.03520,147
D327_R5368a_Ritorno_sub1,45.88692,11.03552,148
D327_R5368a_Ritorno_sub1,45.88707,11.03585,149
D327_R5368a_Ritorno_sub1,45.88707,11.03585,150
D327_R5368a_Ritorno_sub1,45.88708,11.03693,151
D327_R5368a_Ritorno_sub1,45.88708,11.03693,152
D327_R5368a_Ritorno_sub1,45.88836,11.03670,153
D327_R5368a_Ritorno_sub1,45.88853,11.03657,154
D327_R5368a_Ritorno_sub1,45.88921,11.03568,155
D327_R5368a_Ritorno_sub1,45.88921,11.03568,156
D327_R5368a_Ritorno_sub1,45.88937,11.03403,157
D327_R5368a_Ritorno_sub1,45.88937,11.03403,158
D327_R5368a_Ritorno_sub1,45.88998,11.03411,159
D327_R5368a_Ritorno_sub1,45.88998,11.03411,160
D327_R5368a_Ritorno_sub1,45.89040,11.03433,161
D327_R5368a_Ritorno_sub1,45.89069,11.03459,162
D327_R5368a_Ritorno_sub1,45.89071,11.03470,163
D327_R5368a_Ritorno_sub1,45.89080,11.03479,164
D327_R5368a_Ritorno_sub1,45.89087,11.03501,165
D327_R5368a_Ritorno_sub1,45.89097,11.03536,166
D327_R5368a_Ritorno_sub1,45.89098,11.03558,167
D327_R5368a_Ritorno_sub1,45.89098,11.03558,168
D327_R5368a_Ritorno_sub1,45.89094,11.04157,169
D327_R5368a_Ritorno_sub1,45.89096,11.04335,170
D327_R5368a_Ritorno_sub1,45.89096,11.04335,171
D327_R5368a_Ritorno_sub1,45.89087,11.04339,172
D327_R5368a_Ritorno_sub1,45.89084,11.04363,173
D327_R5368a_Ritorno_sub1,45.89090,11.04377,174
D327_R5368a_Ritorno_sub1,45.89104,11.04378,175
D327_R5368a_Ritorno_sub1,45.89105,11.04385,176
D327_R5368a_Ritorno_sub1,45.89105,11.04385,177
D327_R5368a_Ritorno_sub1,45.89165,11.04387,178
D327_R5368a_Ritorno_sub1,45.89539,11.04348,179
D327_R5368a_Ritorno_sub1,45.89629,11.04327,180
D327_R5368a_Ritorno_sub1,45.89783,11.04271,181
D327_R5368a_Ritorno_sub1,45.89855,11.04249,182
D327_R5368a_Ritorno_sub1,45.89865,11.04255,183
D327_R5368a_Ritorno_sub1,45.89875,11.04249,184
D327_R5368a_Ritorno_sub1,45.89881,11.04240,185
D327_R5368a_Ritorno_sub1,45.90390,11.04094,186
D327_R5368a_Ritorno_sub1,45.90396,11.04106,187
D327_R5368a_Ritorno_sub1,45.90405,11.04113,188
D327_R5368a_Ritorno_sub1,45.90414,11.04110,189
D327_R5368a_Ritorno_sub1,45.90420,11.04098,190
D327_R5368a_Ritorno_sub1,45.90418,11.04083,191
D327_R5368a_Ritorno_sub1,45.90530,11.04031,192
D327_R5368a_Ritorno_sub1,45.90586,11.04016,193
D327_R5368a_Ritorno_sub1,45.90629,11.04014,194
D327_R5368a_Ritorno_sub1,45.90685,11.04020,195
D327_R5368a_Ritorno_sub1,45.90759,11.04036,196
D327_R5368a_Ritorno_sub1,45.90816,11.04069,197
D327_R5368a_Ritorno_sub1,45.90864,11.04084,198
D327_R5368a_Ritorno_sub1,45.91044,11.03991,199
D327_R5368a_Ritorno_sub1,45.91044,11.03991,200
D327_R5368a_Ritorno_sub1,45.91127,11.03946,201
D327_R5368a_Ritorno_sub1,45.91206,11.03919,202
D327_R5368a_Ritorno_sub1,45.91227,11.03903,203
D327_R5368a_Ritorno_sub1,45.91278,11.03814,204
D327_R5368a_Ritorno_sub1,45.91291,11.03780,205
D327_R5368a_Ritorno_sub1,45.91368,11.03622,206
D327_R5368a_Ritorno_sub1,45.91397,11.03552,207
D327_R5368a_Ritorno_sub1,45.91397,11.03552,208
D327_R5368a_Ritorno_sub1,45.91418,11.03552,209
D327_R5368a_Ritorno_sub1,45.91429,11.03541,210
D327_R5368a_Ritorno_sub1,45.91436,11.03526,211
D327_R5368a_Ritorno_sub1,45.91440,11.03487,212
D327_R5368a_Ritorno_sub1,45.91467,11.03405,213
D327_R5368a_Ritorno_sub1,45.91494,11.03322,214
D327_R5368a_Ritorno_sub1,45.91494,11.03322,215
D327_R5368a_Ritorno_sub1,45.91546,11.03372,216
D327_R5368a_Ritorno_sub1,45.91598,11.03408,217
D327_R5368a_Ritorno_sub1,45.91706,11.03446,218
D327_R5368a_Ritorno_sub1,45.91732,11.03410,219
D327_R5368a_Ritorno_sub1,45.91777,11.03300,220
D327_R5368a_Ritorno_sub1,45.91799,11.03267,221
D327_R5368a_Ritorno_sub1,45.91826,11.03253,222
D327_R5368a_Ritorno_sub1,45.91846,11.03282,223
D327_R5368a_Ritorno_sub1,45.91920,11.03171,224
D327_R5368a_Ritorno_sub1,45.91934,11.03142,225
D327_R5368a_Ritorno_sub1,45.91939,11.03099,226
D327_R5368a_Ritorno_sub1,45.91878,11.02994,227
D327_R5368a_Ritorno_sub1,45.91861,11.03001,228
D327_R5368a_Ritorno_sub1,45.91771,11.02875,229
D327_R5368a_Ritorno_sub1,45.91642,11.02878,230
D327_R5368a_Ritorno_sub1,45.91636,11.02838,231
D327_R5368a_Ritorno_sub1,45.91599,11.02778,232
D327_R5368a_Ritorno_sub1,45.91501,11.02779,233
D327_R5368a_Ritorno_sub1,45.91459,11.02773,234
D327_R5368a_Ritorno_sub1,45.91284,11.02667,235
D327_R5368a_Ritorno_sub1,45.91271,11.02653,236
D327_R5368a_Ritorno_sub1,45.91217,11.02543,237
D91_E5179a_Andata_sub2,45.92876,11.07218,1
D91_E5179a_Andata_sub2,45.92895,11.07129,2
D91_E5179a_Andata_sub2,45.92723,11.07047,3
D91_E5179a_Andata_sub2,45.92769,11.06825,4
D91_E5179a_Andata_sub2,45.92823,11.06586,5
D91_E5179a_Andata_sub2,45.92835,11.06482,6
D91_E5179a_Andata_sub2,45.92837,11.06351,7
D91_E5179a_Andata_sub2,45.92835,11.06234,8
D91_E5179a_Andata_sub2,45.92820,11.06127,9
D91_E5179a_Andata_sub2,45.92790,11.05966,10
D91_E5179a_Andata_sub2,45.92771,11.05893,11
D91_E5179a_Andata_sub2,45.92706,11.05729,12
D91_E5179a_Andata_sub2,45.92603,11.05541,13
D91_E5179a_Andata_sub2,45.92571,11.05483,14
D91_E5179a_Andata_sub2,45.92543,11.05418,15
D91_E5179a_Andata_sub2,45.92544,11.05398,16
D91_E5179a_Andata_sub2,45.92553,11.05246,17
D91_E5179a_Andata_sub2,45.92554,11.05225,18
D91_E5179a_Andata_sub2,45.92543,11.05192,19
D91_E5179a_Andata_sub2,45.92491,11.05123,20
D91_E5179a_Andata_sub2,45.92477,11.05099,21
D91_E5179a_Andata_sub2,45.92475,11.05068,22
D91_E5179a_Andata_sub2,45.92479,11.05045,23
D91_E5179a_Andata_sub2,45.92489,11.04994,24
D91_E5179a_Andata_sub2,45.92490,11.04974,25
D91_E5179a_Andata_sub2,45.92486,11.04949,26
D91_E5179a_Andata_sub2,45.92460,11.04838,27
D91_E5179a_Andata_sub2,45.92534,11.04791,28
D91_E5179a_Andata_sub2,45.92562,11.04792,29
D91_E5179a_Andata_sub2,45.92637,11.04748,30
D91_E5179a_Andata_sub2,45.92649,11.04734,31
D91_E5179a_Andata_sub2,45.92650,11.04710,32
D91_E5179a_Andata_sub2,45.92643,11.04635,33
D91_E5179a_Andata_sub2,45.92643,11.04617,34
D91_E5179a_Andata_sub2,45.92652,11.04594,35
D91_E5179a_Andata_sub2,45.92637,11.04560,36
D91_E5179a_Andata_sub2,45.92635,11.04539,37
D91_E5179a_Andata_sub2,45.92628,11.04439,38
D91_E5179a_Andata_sub2,45.92620,11.04421,39
D91_E5179a_Andata_sub2,45.92630,11.04391,40
D91_E5179a_Andata_sub2,45.92637,11.04304,41
D91_E5179a_Andata_sub2,45.92634,11.04249,42
D91_E5179a_Andata_sub2,45.92627,11.04199,43
D91_E5179a_Andata_sub2,45.92617,11.04136,44
D91_E5179a_Andata_sub2,45.92600,11.04086,45
D91_E5179a_Andata_sub2,45.92594,11.04081,46
D91_E5179a_Andata_sub2,45.92583,11.04084,47
D91_E5179a_Andata_sub2,45.92520,11.04113,48
D91_E5179a_Andata_sub2,45.92317,11.04165,49
D91_E5179a_Andata_sub2,45.92272,11.03934,50
D91_E5179a_Andata_sub2,45.92251,11.03885,51
D91_E5179a_Andata_sub2,45.92222,11.03860,52
D91_E5179a_Andata_sub2,45.92193,11.03842,53
D91_E5179a_Andata_sub2,45.92080,11.03822,54
D91_E5179a_Andata_sub2,45.92078,11.03796,55
D91_E5179a_Andata_sub2,45.92067,11.03781,56
D91_E5179a_Andata_sub2,45.92066,11.03753,57
D91_E5179a_Andata_sub2,45.92074,11.03728,58
D91_E5179a_Andata_sub2,45.92202,11.03558,59
D91_E5179a_Andata_sub2,45.92207,11.03546,60
D91_E5179a_Andata_sub2,45.92210,11.03525,61
D91_E5179a_Andata_sub2,45.92208,11.03466,62
D91_E5179a_Andata_sub2,45.92215,11.03437,63
D91_E5179a_Andata_sub2,45.92224,11.03405,64
D91_E5179a_Andata_sub2,45.92225,11.03383,65
D91_E5179a_Andata_sub2,45.92169,11.03291,66
D91_E5179a_Andata_sub2,45.92086,11.03208,67
D91_E5179a_Andata_sub2,45.91932,11.03143,68
D91_E5179a_Andata_sub2,45.91844,11.03279,69
D91_E5179a_Andata_sub2,45.91831,11.03259,70
D91_E5179a_Andata_sub2,45.91815,11.03255,71
D91_E5179a_Andata_sub2,45.91792,11.03280,72
D91_E5179a_Andata_sub2,45.91732,11.03412,73
D91_E5179a_Andata_sub2,45.91692,11.03441,74
D91_E5179a_Andata_sub2,45.91578,11.03391,75
D91_E5179a_Andata_sub2,45.91497,11.03325,76
D91_E5179a_Andata_sub2,45.91433,11.03473,77
D91_E5179a_Andata_sub2,45.91421,11.03469,78
D91_E5179a_Andata_sub2,45.91408,11.03467,79
D91_E5179a_Andata_sub2,45.91399,11.03478,80
D91_E5179a_Andata_sub2,45.91396,11.03481,81
D91_E5179a_Andata_sub2,45.91384,11.03516,82
D91_E5179a_Andata_sub2,45.91386,11.03531,83
D91_E5179a_Andata_sub2,45.91392,11.03547,84
D91_E5179a_Andata_sub2,45.91392,11.03568,85
D91_E5179a_Andata_sub2,45.91317,11.03740,86
D91_E5179a_Andata_sub2,45.91225,11.03908,87
D91_E5179a_Andata_sub2,45.91147,11.03939,88
D91_E5179a_Andata_sub2,45.90864,11.04084,89
D91_E5179a_Andata_sub2,45.90752,11.04025,90
D91_E5179a_Andata_sub2,45.90691,11.04013,91
D91_E5179a_Andata_sub2,45.90631,11.04010,92
D91_E5179a_Andata_sub2,45.90534,11.04038,93
D91_E5179a_Andata_sub2,45.90400,11.04091,94
D91_E5179a_Andata_sub2,45.89539,11.04348,95
D91_E5179a_Andata_sub2,45.89162,11.04389,96
D91_E5179a_Andata_sub2,45.89105,11.04384,97
D91_E5179a_Andata_sub2,45.89104,11.04378,98
D91_E5179a_Andata_sub2,45.89109,11.04362,99
D91_E5179a_Andata_sub2,45.89107,11.04342,100
D91_E5179a_Andata_sub2,45.89095,11.04335,101
D91_E5179a_Andata_sub2,45.89095,11.04037,102
D91_E5179a_Andata_sub2,45.89098,11.03558,103
D91_E5179a_Andata_sub2,45.89063,11.03557,104
D91_E5179a_Andata_sub2,45.89014,11.03587,105
D91_E5179a_Andata_sub2,45.89014,11.03587,106
D91_E5179a_Andata_sub2,45.88921,11.03568,107
D91_E5179a_Andata_sub2,45.88921,11.03568,108
D91_E5179a_Andata_sub2,45.88892,11.03602,109
D91_E5179a_Andata_sub2,45.88892,11.03602,110
D91_E5179a_Andata_sub2,45.88853,11.03657,111
D91_E5179a_Andata_sub2,45.88836,11.03670,112
D91_E5179a_Andata_sub2,45.88708,11.03693,113
D91_E5179a_Andata_sub2,45.88708,11.03693,114
D91_E5179a_Andata_sub2,45.88721,11.04038,115
D91_E5179a_Andata_sub2,45.88721,11.04038,116
D91_E5179a_Andata_sub2,45.88605,11.04031,117
D91_E5179a_Andata_sub2,45.88532,11.04089,118
D91_E5179a_Andata_sub2,45.88429,11.04183,119
D91_E5179a_Andata_sub2,45.88429,11.04183,120
D91_E5179a_Andata_sub2,45.88425,11.04177,121
D91_E5179a_Andata_sub2,45.88415,11.04179,122
D91_E5179a_Andata_sub2,45.88355,11.04072,123
D91_E5179a_Andata_sub2,45.88355,11.04072,124
D91_E5179a_Andata_sub2,45.88130,11.03732,125
D91_E5179a_Andata_sub2,45.88016,11.03570,126
D91_E5179a_Andata_sub2,45.87701,11.03226,127
D91_E5179a_Andata_sub2,45.87701,11.03226,128
D91_E5179a_Andata_sub2,45.87700,11.03202,129
D91_E5179a_Andata_sub2,45.87700,11.03202,130
D91_E5179a_Andata_sub2,45.87640,11.03202,131
D91_E5179a_Andata_sub2,45.87360,11.03157,132
D91_E5179a_Andata_sub2,45.87311,11.03131,133
D91_E5179a_Andata_sub2,45.87291,11.03107,134
D91_E5179a_Andata_sub2,45.87279,11.03113,135
D91_E5179a_Andata_sub2,45.87277,11.03128,136
D91_E5179a_Andata_sub2,45.87266,11.03131,137
D91_E5179a_Andata_sub2,45.87199,11.03119,138
D91_E5179a_Andata_sub2,45.86980,11.03105,139
D91_E5179a_Andata_sub2,45.86835,11.03114,140
D91_E5179a_Andata_sub2,45.86716,11.03083,141
D91_E5179a_Andata_sub2,45.86638,11.03047,142
D91_E5179a_Andata_sub2,45.86536,11.03022,143
D91_E5179a_Andata_sub2,45.86501,11.03006,144
D91_E5179a_Andata_sub2,45.86463,11.02963,145
D91_E5179a_Andata_sub2,45.86344,11.02785,146
D91_E5179a_Andata_sub2,45.86336,11.02772,147
D91_E5179a_Andata_sub2,45.86339,11.02769,148
D91_E5179a_Andata_sub2,45.86338,11.02760,149
D91_E5179a_Andata_sub2,45.86639,11.02368,150
D91_E5179a_Andata_sub2,45.86688,11.02353,151
D91_E5179a_Andata_sub2,45.86713,11.02358,152
D91_E5179a_Andata_sub2,45.86836,11.02351,153
D91_E5179a_Andata_sub2,45.86839,11.02281,154
D91_E5179a_Andata_sub2,45.86837,11.02102,155
D91_E5179a_Andata_sub2,45.86744,11.02047,156
D91_E5179a_Andata_sub2,45.86458,11.01763,157
D91_E5179a_Andata_sub2,45.86420,11.01690,158
D91_E5179a_Andata_sub2,45.86412,11.01651,159
D91_E5179a_Andata_sub2,45.86420,11.01601,160
D91_E5179a_Andata_sub2,45.86517,11.01261,161
D91_E5179a_Andata_sub2,45.86536,11.01152,162
D91_E5179a_Andata_sub2,45.86550,11.00793,163
D91_E5179a_Andata_sub2,45.86569,11.00782,164
D91_E5179a_Andata_sub2,45.86584,11.00784,165
D91_E5179a_Andata_sub2,45.86615,11.00834,166
D91_E5179a_Andata_sub2,45.86636,11.00828,167
D91_E5179a_Andata_sub2,45.86641,11.00801,168
D91_E5179a_Andata_sub2,45.86641,11.00760,169
D91_E5179a_Andata_sub2,45.86630,11.00736,170
D91_E5179a_Andata_sub2,45.86607,11.00704,171
D91_E5179a_Andata_sub2,45.86584,11.00706,172
D91_E5179a_Andata_sub2,45.86572,11.00727,173
D91_E5179a_Andata_sub2,45.86547,11.00726,174
D91_E5179a_Andata_sub2,45.86437,11.00496,175
D91_E5179a_Andata_sub2,45.86411,11.00463,176
D91_E5179a_Andata_sub2,45.86301,11.00365,177
D91_E5179a_Andata_sub2,45.86226,11.00325,178
D91_E5179a_Andata_sub2,45.86180,11.00357,179
D91_E5179a_Andata_sub2,45.86108,11.00512,180
D91_E5179a_Andata_sub2,45.86074,11.00545,181
D91_E5179a_Andata_sub2,45.86037,11.00549,182
D91_E5179a_Andata_sub2,45.85875,11.00502,183
D91_E5179a_Andata_sub2,45.85846,11.00509,184
D91_E5179a_Andata_sub2,45.85742,11.00569,185
D91_E5179a_Andata_sub2,45.85715,11.00566,186
D91_E5179a_Andata_sub2,45.85353,11.00373,187
D91_E5179a_Andata_sub2,45.85201,11.00338,188
D91_E5179a_Andata_sub2,45.85176,11.00352,189
D91_E5179a_Andata_sub2,45.85135,11.00427,190
D91_E5179a_Andata_sub2,45.85105,11.00443,191
D91_E5179a_Andata_sub2,45.85079,11.00434,192
D91_E5179a_Andata_sub2,45.85056,11.00405,193
D91_E5179a_Andata_sub2,45.85047,11.00365,194
D91_E5179a_Andata_sub2,45.85049,11.00240,195
D91_E5179a_Andata_sub2,45.85071,11.00229,196
D91_E5179a_Andata_sub2,45.85101,11.00199,197
D91_E5179a_Andata_sub2,45.85106,11.00148,198
D91_E5179a_Andata_sub2,45.85082,11.00110,199
D91_E5179a_Andata_sub2,45.85034,11.00102,200
D91_E5179a_Andata_sub2,45.85006,11.00126,201
D91_E5179a_Andata_sub2,45.84994,11.00165,202
D91_E5179a_Andata_sub2,45.84996,11.00189,203
D91_E5179a_Andata_sub2,45.85004,11.00217,204
D91_E5179a_Andata_sub2,45.85013,11.00226,205
D91_E5179a_Andata_sub2,45.84994,11.00242,206
D91_E5179a_Andata_sub2,45.84925,11.00243,207
D91_E5179a_Andata_sub2,45.84879,11.00219,208
D91_E5179a_Andata_sub2,45.84866,11.00225,209
D91_E5179a_Andata_sub2,45.84855,11.00241,210
D91_E5179a_Andata_sub2,45.84854,11.00290,211
D91_E5179a_Andata_sub2,45.84856,11.00315,212
D91_E5179a_Andata_sub2,45.84847,11.00334,213
D91_E5179a_Andata_sub2,45.84704,11.00363,214
D91_E5179a_Andata_sub2,45.84652,11.00397,215
D91_E5179a_Andata_sub2,45.84425,11.00583,216
D91_E5179a_Andata_sub2,45.84381,11.00642,217
D91_E5179a_Andata_sub2,45.84348,11.00823,218
D91_E5179a_Andata_sub2,45.84297,11.00777,219
D91_E5179a_Andata_sub2,45.84257,11.00767,220
D91_E5179a_Andata_sub2,45.84218,11.00774,221
D91_E5179a_Andata_sub2,45.84172,11.00799,222
D91_E5179a_Andata_sub2,45.84160,11.00810,223
D91_E5179a_Andata_sub2,45.84119,11.00875,224
D91_E5179a_Andata_sub2,45.84095,11.00902,225
D91_E5179a_Andata_sub2,45.84054,11.00935,226
D91_E5179a_Andata_sub2,45.84003,11.00962,227
D91_E5179a_Andata_sub2,45.83982,11.00967,228
D91_E5179a_Andata_sub2,45.83908,11.01001,229
D91_E5179a_Andata_sub2,45.83790,11.01038,230
D91_E5179a_Andata_sub2,45.83759,11.01058,231
D91_E5179a_Andata_sub2,45.83759,11.01058,232
D91_E5179a_Andata_sub2,45.83701,11.01094,233
D91_E5179a_Andata_sub2,45.83691,11.01093,234
D91_E5179a_Andata_sub2,45.83667,11.01090,235
D91_E5179a_Andata_sub2,45.83662,11.01092,236
D91_E5179a_Andata_sub2,45.83661,11.01096,237
D91_E5179a_Andata_sub2,45.83661,11.01100,238
D91_E5179a_Andata_sub2,45.83665,11.01105,239
D91_E5179a_Andata_sub2,45.83672,11.01109,240
D91_E5179a_Andata_sub2,45.83680,11.01110,241
D91_E5179a_Andata_sub2,45.83688,11.01109,242
D276_R5164b_Ritorno_sub2,45.83688,11.01109,1
D276_R5164b_Ritorno_sub2,45.83790,11.01038,2
D276_R5164b_Ritorno_sub2,45.83908,11.01001,3
D276_R5164b_Ritorno_sub2,45.83982,11.00967,4
D276_R5164b_Ritorno_sub2,45.84003,11.00962,5
D276_R5164b_Ritorno_sub2,45.84054,11.00935,6
D276_R5164b_Ritorno_sub2,45.84095,11.00902,7
D276_R5164b_Ritorno_sub2,45.84119,11.00875,8
D276_R5164b_Ritorno_sub2,45.84160,11.00810,9
D276_R5164b_Ritorno_sub2,45.84172,11.00799,10
D276_R5164b_Ritorno_sub2,45.84218,11.00774,11
D276_R5164b_Ritorno_sub2,45.84257,11.00767,12
D276_R5164b_Ritorno_sub2,45.84297,11.00777,13
D276_R5164b_Ritorno_sub2,45.84319,11.00793,14
D276_R5164b_Ritorno_sub2,45.84347,11.00824,15
D276_R5164b_Ritorno_sub2,45.84381,11.00642,16
D276_R5164b_Ritorno_sub2,45.84422,11.00584,17
D276_R5164b_Ritorno_sub2,45.84674,11.00379,18
D276_R5164b_Ritorno_sub2,45.84707,11.00365,19
D276_R5164b_Ritorno_sub2,45.84847,11.00335,20
D276_R5164b_Ritorno_sub2,45.84857,11.00313,21
D276_R5164b_Ritorno_sub2,45.84854,11.00242,22
D276_R5164b_Ritorno_sub2,45.84866,11.00224,23
D276_R5164b_Ritorno_sub2,45.84878,11.00216,24
D276_R5164b_Ritorno_sub2,45.84926,11.00243,25
D276_R5164b_Ritorno_sub2,45.84996,11.00238,26
D276_R5164b_Ritorno_sub2,45.85016,11.00226,27
D276_R5164b_Ritorno_sub2,45.85034,11.00236,28
D276_R5164b_Ritorno_sub2,45.85049,11.00237,29
D276_R5164b_Ritorno_sub2,45.85049,11.00378,30
D276_R5164b_Ritorno_sub2,45.85061,11.00412,31
D276_R5164b_Ritorno_sub2,45.85078,11.00431,32
D276_R5164b_Ritorno_sub2,45.85098,11.00441,33
D276_R5164b_Ritorno_sub2,45.85125,11.00434,34
D276_R5164b_Ritorno_sub2,45.85141,11.00420,35
D276_R5164b_Ritorno_sub2,45.85180,11.00350,36
D276_R5164b_Ritorno_sub2,45.85196,11.00340,37
D276_R5164b_Ritorno_sub2,45.85215,11.00337,38
D276_R5164b_Ritorno_sub2,45.85336,11.00367,39
D276_R5164b_Ritorno_sub2,45.85389,11.00389,40
D276_R5164b_Ritorno_sub2,45.85711,11.00565,41
D276_R5164b_Ritorno_sub2,45.85743,11.00566,42
D276_R5164b_Ritorno_sub2,45.85846,11.00505,43
D276_R5164b_Ritorno_sub2,45.85869,11.00501,44
D276_R5164b_Ritorno_sub2,45.86034,11.00549,45
D276_R5164b_Ritorno_sub2,45.86060,11.00550,46
D276_R5164b_Ritorno_sub2,45.86079,11.00540,47
D276_R5164b_Ritorno_sub2,45.86106,11.00512,48
D276_R5164b_Ritorno_sub2,45.86184,11.00350,49
D276_R5164b_Ritorno_sub2,45.86224,11.00325,50
D276_R5164b_Ritorno_sub2,45.86314,11.00375,51
D276_R5164b_Ritorno_sub2,45.86416,11.00467,52
D276_R5164b_Ritorno_sub2,45.86439,11.00496,53
D276_R5164b_Ritorno_sub2,45.86584,11.00785,54
D276_R5164b_Ritorno_sub2,45.86633,11.00857,55
D276_R5164b_Ritorno_sub2,45.86637,11.00881,56
D276_R5164b_Ritorno_sub2,45.86648,11.00909,57
D276_R5164b_Ritorno_sub2,45.86737,11.01052,58
D276_R5164b_Ritorno_sub2,45.86817,11.01248,59
D276_R5164b_Ritorno_sub2,45.86799,11.01262,60
D276_R5164b_Ritorno_sub2,45.86795,11.01288,61
D276_R5164b_Ritorno_sub2,45.86808,11.01307,62
D276_R5164b_Ritorno_sub2,45.86831,11.01311,63
D276_R5164b_Ritorno_sub2,45.86854,11.01383,64
D276_R5164b_Ritorno_sub2,45.86889,11.01461,65
D276_R5164b_Ritorno_sub2,45.86912,11.01511,66
D276_R5164b_Ritorno_sub2,45.86921,11.01518,67
D276_R5164b_Ritorno_sub2,45.87194,11.01945,68
D276_R5164b_Ritorno_sub2,45.87213,11.02003,69
D276_R5164b_Ritorno_sub2,45.87207,11.02045,70
D276_R5164b_Ritorno_sub2,45.87203,11.02056,71
D276_R5164b_Ritorno_sub2,45.87181,11.02079,72
D276_R5164b_Ritorno_sub2,45.87162,11.02084,73
D276_R5164b_Ritorno_sub2,45.86836,11.02102,74
D276_R5164b_Ritorno_sub2,45.86835,11.02354,75
D276_R5164b_Ritorno_sub2,45.86713,11.02359,76
D276_R5164b_Ritorno_sub2,45.86685,11.02350,77
D276_R5164b_Ritorno_sub2,45.86640,11.02368,78
D276_R5164b_Ritorno_sub2,45.86549,11.02484,79
D276_R5164b_Ritorno_sub2,45.86346,11.02749,80
D276_R5164b_Ritorno_sub2,45.86319,11.02750,81
D276_R5164b_Ritorno_sub2,45.86318,11.02772,82
D276_R5164b_Ritorno_sub2,45.86327,11.02782,83
D276_R5164b_Ritorno_sub2,45.86342,11.02779,84
D276_R5164b_Ritorno_sub2,45.86463,11.02963,85
D276_R5164b_Ritorno_sub2,45.86501,11.03006,86
D276_R5164b_Ritorno_sub2,45.86536,11.03022,87
D276_R5164b_Ritorno_sub2,45.86638,11.03047,88
D276_R5164b_Ritorno_sub2,45.86716,11.03083,89
D276_R5164b_Ritorno_sub2,45.86835,11.03114,90
D276_R5164b_Ritorno_sub2,45.86980,11.03105,91
D276_R5164b_Ritorno_sub2,45.87199,11.03119,92
D276_R5164b_Ritorno_sub2,45.87251,11.03131,93
D276_R5164b_Ritorno_sub2,45.87277,11.03128,94
D276_R5164b_Ritorno_sub2,45.87283,11.03139,95
D276_R5164b_Ritorno_sub2,45.87342,11.03155,96
D276_R5164b_Ritorno_sub2,45.87640,11.03202,97
D276_R5164b_Ritorno_sub2,45.87681,11.03203,98
D276_R5164b_Ritorno_sub2,45.87681,11.03203,99
D276_R5164b_Ritorno_sub2,45.88016,11.03570,100
D276_R5164b_Ritorno_sub2,45.88130,11.03732,101
D276_R5164b_Ritorno_sub2,45.88355,11.04072,102
D276_R5164b_Ritorno_sub2,45.88415,11.04179,103
D276_R5164b_Ritorno_sub2,45.88415,11.04179,104
D276_R5164b_Ritorno_sub2,45.88411,11.04186,105
D276_R5164b_Ritorno_sub2,45.88412,11.04197,106
D276_R5164b_Ritorno_sub2,45.88416,11.04203,107
D276_R5164b_Ritorno_sub2,45.88426,11.04202,108
D276_R5164b_Ritorno_sub2,45.88431,11.04192,109
D276_R5164b_Ritorno_sub2,45.88429,11.04183,110
D276_R5164b_Ritorno_sub2,45.88532,11.04089,111
D276_R5164b_Ritorno_sub2,45.88605,11.04031,112
D276_R5164b_Ritorno_sub2,45.88721,11.04038,113
D276_R5164b_Ritorno_sub2,45.88721,11.04038,114
D276_R5164b_Ritorno_sub2,45.88708,11.03693,115
D276_R5164b_Ritorno_sub2,45.88708,11.03693,116
D276_R5164b_Ritorno_sub2,45.88836,11.03670,117
D276_R5164b_Ritorno_sub2,45.88853,11.03657,118
D276_R5164b_Ritorno_sub2,45.88921,11.03568,119
D276_R5164b_Ritorno_sub2,45.88921,11.03568,120
D276_R5164b_Ritorno_sub2,45.88937,11.03403,121
D276_R5164b_Ritorno_sub2,45.88937,11.03403,122
D276_R5164b_Ritorno_sub2,45.88998,11.03411,123
D276_R5164b_Ritorno_sub2,45.88998,11.03411,124
D276_R5164b_Ritorno_sub2,45.89040,11.03433,125
D276_R5164b_Ritorno_sub2,45.89069,11.03459,126
D276_R5164b_Ritorno_sub2,45.89071,11.03470,127
D276_R5164b_Ritorno_sub2,45.89080,11.03479,128
D276_R5164b_Ritorno_sub2,45.89087,11.03501,129
D276_R5164b_Ritorno_sub2,45.89097,11.03536,130
D276_R5164b_Ritorno_sub2,45.89098,11.03558,131
D276_R5164b_Ritorno_sub2,45.89098,11.03558,132
D276_R5164b_Ritorno_sub2,45.89095,11.04139,133
D276_R5164b_Ritorno_sub2,45.89094,11.04335,134
D276_R5164b_Ritorno_sub2,45.89087,11.04339,135
D276_R5164b_Ritorno_sub2,45.89082,11.04356,136
D276_R5164b_Ritorno_sub2,45.89085,11.04371,137
D276_R5164b_Ritorno_sub2,45.89095,11.04381,138
D276_R5164b_Ritorno_sub2,45.89106,11.04385,139
D276_R5164b_Ritorno_sub2,45.89165,11.04385,140
D276_R5164b_Ritorno_sub2,45.89339,11.04371,141
D276_R5164b_Ritorno_sub2,45.89540,11.04349,142
D276_R5164b_Ritorno_sub2,45.89636,11.04327,143
D276_R5164b_Ritorno_sub2,45.89867,11.04241,144
D276_R5164b_Ritorno_sub2,45.89874,11.04241,145
D276_R5164b_Ritorno_sub2,45.90201,11.04150,146
D276_R5164b_Ritorno_sub2,45.90394,11.04094,147
D276_R5164b_Ritorno_sub2,45.90401,11.04109,148
D276_R5164b_Ritorno_sub2,45.90407,11.04102,149
D276_R5164b_Ritorno_sub2,45.90406,11.04090,150
D276_R5164b_Ritorno_sub2,45.90532,11.04037,151
D276_R5164b_Ritorno_sub2,45.90633,11.04013,152
D276_R5164b_Ritorno_sub2,45.90690,11.04016,153
D276_R5164b_Ritorno_sub2,45.90751,11.04028,154
D276_R5164b_Ritorno_sub2,45.90864,11.04084,155
D276_R5164b_Ritorno_sub2,45.91145,11.03939,156
D276_R5164b_Ritorno_sub2,45.91186,11.03928,157
D276_R5164b_Ritorno_sub2,45.91220,11.03909,158
D276_R5164b_Ritorno_sub2,45.91279,11.03813,159
D276_R5164b_Ritorno_sub2,45.91398,11.03550,160
D276_R5164b_Ritorno_sub2,45.91410,11.03556,161
D276_R5164b_Ritorno_sub2,45.91433,11.03533,162
D276_R5164b_Ritorno_sub2,45.91440,11.03498,163
D276_R5164b_Ritorno_sub2,45.91437,11.03482,164
D276_R5164b_Ritorno_sub2,45.91433,11.03471,165
D276_R5164b_Ritorno_sub2,45.91483,11.03335,166
D276_R5164b_Ritorno_sub2,45.91494,11.03324,167
D276_R5164b_Ritorno_sub2,45.91573,11.03390,168
D276_R5164b_Ritorno_sub2,45.91691,11.03439,169
D276_R5164b_Ritorno_sub2,45.91734,11.03406,170
D276_R5164b_Ritorno_sub2,45.91789,11.03283,171
D276_R5164b_Ritorno_sub2,45.91811,11.03262,172
D276_R5164b_Ritorno_sub2,45.91831,11.03258,173
D276_R5164b_Ritorno_sub2,45.91847,11.03279,174
D276_R5164b_Ritorno_sub2,45.91922,11.03174,175
D276_R5164b_Ritorno_sub2,45.91935,11.03142,176
D276_R5164b_Ritorno_sub2,45.92066,11.03197,177
D276_R5164b_Ritorno_sub2,45.92164,11.03292,178
D276_R5164b_Ritorno_sub2,45.92224,11.03391,179
D276_R5164b_Ritorno_sub2,45.92215,11.03425,180
D276_R5164b_Ritorno_sub2,45.92210,11.03477,181
D276_R5164b_Ritorno_sub2,45.92205,11.03546,182
D276_R5164b_Ritorno_sub2,45.92072,11.03732,183
D276_R5164b_Ritorno_sub2,45.92062,11.03759,184
D276_R5164b_Ritorno_sub2,45.92055,11.03786,185
D276_R5164b_Ritorno_sub2,45.92048,11.03794,186
D276_R5164b_Ritorno_sub2,45.92041,11.03815,187
D276_R5164b_Ritorno_sub2,45.92043,11.03834,188
D276_R5164b_Ritorno_sub2,45.92056,11.03848,189
D276_R5164b_Ritorno_sub2,45.92072,11.03843,190
D276_R5164b_Ritorno_sub2,45.92082,11.03827,191
D276_R5164b_Ritorno_sub2,45.92195,11.03844,192
D276_R5164b_Ritorno_sub2,45.92222,11.03860,193
D276_R5164b_Ritorno_sub2,45.92252,11.03892,194
D276_R5164b_Ritorno_sub2,45.92276,11.03945,195
D276_R5164b_Ritorno_sub2,45.92337,11.04291,196
D276_R5164b_Ritorno_sub2,45.92392,11.04580,197
D276_R5164b_Ritorno_sub2,45.92384,11.04583,198
D276_R5164b_Ritorno_sub2,45.92378,11.04593,199
D276_R5164b_Ritorno_sub2,45.92376,11.04609,200
D276_R5164b_Ritorno_sub2,45.92385,11.04619,201
D276_R5164b_Ritorno_sub2,45.92394,11.04623,202
D276_R5164b_Ritorno_sub2,45.92401,11.04613,203
D276_R5164b_Ritorno_sub2,45.92459,11.04838,204
D276_R5164b_Ritorno_sub2,45.92536,11.04786,205
D276_R5164b_Ritorno_sub2,45.92563,11.04791,206
D276_R5164b_Ritorno_sub2,45.92636,11.04748,207
D276_R5164b_Ritorno_sub2,45.92647,11.04737,208
D276_R5164b_Ritorno_sub2,45.92650,11.04725,209
D276_R5164b_Ritorno_sub2,45.92644,11.04624,210
D276_R5164b_Ritorno_sub2,45.92649,11.04598,211
D276_R5164b_Ritorno_sub2,45.92649,11.04580,212
D276_R5164b_Ritorno_sub2,45.92636,11.04547,213
D276_R5164b_Ritorno_sub2,45.92629,11.04438,214
D276_R5164b_Ritorno_sub2,45.92618,11.04421,215
D276_R5164b_Ritorno_sub2,45.92632,11.04337,216
D276_R5164b_Ritorno_sub2,45.92634,11.04257,217
D276_R5164b_Ritorno_sub2,45.92633,11.04240,218
D118_E5E101_sub1,45.89137,11.04003,1
D118_E5E101_sub1,45.89187,11.04020,2
D118_E5E101_sub1,45.89272,11.03793,3
D118_E5E101_sub1,45.89287,11.03758,4
D118_E5E101_sub1,45.89315,11.03680,5
D118_E5E101_sub1,45.89370,11.03528,6
D118_E5E101_sub1,45.89401,11.03456,7
D118_E5E101_sub1,45.89409,11.03425,8
D118_E5E101_sub1,45.89451,11.03323,9
D118_E5E101_sub1,45.89469,11.03295,10
D118_E5E101_sub1,45.89542,11.03229,11
D118_E5E101_sub1,45.89564,11.03202,12
D118_E5E101_sub1,45.89575,11.03179,13
D118_E5E101_sub1,45.89607,11.03076,14
D118_E5E101_sub1,45.89612,11.03051,15
D118_E5E101_sub1,45.89606,11.03027,16
D118_E5E101_sub1,45.89583,11.02976,17
D118_E5E101_sub1,45.89587,11.02907,18
D118_E5E101_sub1,45.89545,11.02886,19
D118_E5E101_sub1,45.89528,11.02953,20
D118_E5E101_sub1,45.89498,11.02957,21
D118_E5E101_sub1,45.89452,11.02977,22
D118_E5E101_sub1,45.89389,11.03041,23
D118_E5E101_sub1,45.89198,11.03263,24
D118_E5E101_sub1,45.89179,11.03298,25
D118_E5E101_sub1,45.88866,11.03233,26
D118_E5E101_sub1,45.88757,11.03222,27
D118_E5E101_sub1,45.88737,11.03127,28
D118_E5E101_sub1,45.88725,11.03128,29
D118_E5E101_sub1,45.88720,11.03141,30
D118_E5E101_sub1,45.88734,11.03168,31
D118_E5E101_sub1,45.88756,11.03239,32
D118_E5E101_sub1,45.88748,11.03326,33
D118_E5E101_sub1,45.88718,11.03503,34
D118_E5E101_sub1,45.88705,11.03516,35
D118_E5E101_sub1,45.88696,11.03518,36
D118_E5E101_sub1,45.88689,11.03533,37
D118_E5E101_sub1,45.88695,11.03551,38
D118_E5E101_sub1,45.88709,11.03586,39
D118_E5E101_sub1,45.88710,11.03693,40
D118_E5E101_sub1,45.88721,11.04038,41
D118_E5E101_sub1,45.88721,11.04038,42
D118_E5E101_sub1,45.88605,11.04031,43
D118_E5E101_sub1,45.88532,11.04089,44
D118_E5E101_sub1,45.88429,11.04183,45
D118_E5E101_sub1,45.88429,11.04183,46
D118_E5E101_sub1,45.88425,11.04177,47
D118_E5E101_sub1,45.88415,11.04179,48
D118_E5E101_sub1,45.88355,11.04072,49
D118_E5E101_sub1,45.88355,11.04072,50
D118_E5E101_sub1,45.88130,11.03732,51
D118_E5E101_sub1,45.88016,11.03570,52
D118_E5E101_sub1,45.87701,11.03226,53
D118_E5E101_sub1,45.87701,11.03226,54
D118_E5E101_sub1,45.87700,11.03202,55
D118_E5E101_sub1,45.87700,11.03202,56
D118_E5E101_sub1,45.87640,11.03202,57
D118_E5E101_sub1,45.87360,11.03157,58
D118_E5E101_sub1,45.87311,11.03131,59
D118_E5E101_sub1,45.87291,11.03107,60
D118_E5E101_sub1,45.87279,11.03113,61
D118_E5E101_sub1,45.87277,11.03128,62
D118_E5E101_sub1,45.87266,11.03131,63
D118_E5E101_sub1,45.87199,11.03119,64
D118_E5E101_sub1,45.86980,11.03105,65
D118_E5E101_sub1,45.86835,11.03114,66
D118_E5E101_sub1,45.86716,11.03083,67
D118_E5E101_sub1,45.86638,11.03047,68
D118_E5E101_sub1,45.86536,11.03022,69
D118_E5E101_sub1,45.86501,11.03006,70
D118_E5E101_sub1,45.86463,11.02963,71
D118_E5E101_sub1,45.86344,11.02785,72
D118_E5E101_sub1,45.86336,11.02772,73
D118_E5E101_sub1,45.86339,11.02769,74
D118_E5E101_sub1,45.86338,11.02760,75
D118_E5E101_sub1,45.86639,11.02368,76
D118_E5E101_sub1,45.86688,11.02353,77
D118_E5E101_sub1,45.86713,11.02358,78
D118_E5E101_sub1,45.86836,11.02351,79
D118_E5E101_sub1,45.86839,11.02281,80
D118_E5E101_sub1,45.86837,11.02102,81
D118_E5E101_sub1,45.86746,11.02050,82
D118_E5E101_sub1,45.86458,11.01762,83
D118_E5E101_sub1,45.86419,11.01688,84
D118_E5E101_sub1,45.86414,11.01641,85
D118_E5E101_sub1,45.86417,11.01612,86
D118_E5E101_sub1,45.86517,11.01257,87
D118_E5E101_sub1,45.86538,11.01153,88
D118_E5E101_sub1,45.86552,11.00799,89
D118_E5E101_sub1,45.86565,11.00784,90
D118_E5E101_sub1,45.86584,11.00783,91
D118_E5E101_sub1,45.86623,11.00845,92
D118_E5E101_sub1,45.86634,11.00847,93
D118_E5E101_sub1,45.86636,11.00861,94
D118_E5E101_sub1,45.86641,11.00893,95
D118_E5E101_sub1,45.86656,11.00924,96
D118_E5E101_sub1,45.86738,11.01054,97
D118_E5E101_sub1,45.86788,11.01173,98
D118_E5E101_sub1,45.86816,11.01245,99
D118_E5E101_sub1,45.86796,11.01266,100
D118_E5E101_sub1,45.86795,11.01293,101
D118_E5E101_sub1,45.86804,11.01304,102
D118_E5E101_sub1,45.86816,11.01308,103
D118_E5E101_sub1,45.86830,11.01307,104
D118_E5E101_sub1,45.86860,11.01394,105
D118_E5E101_sub1,45.86913,11.01515,106
D118_E5E101_sub1,45.86920,11.01517,107
D118_E5E101_sub1,45.87193,11.01945,108
D118_E5E101_sub1,45.87211,11.01998,109
D118_E5E101_sub1,45.87207,11.02045,110
D118_E5E101_sub1,45.87207,11.02068,111
D118_E5E101_sub1,45.87217,11.02078,112
D118_E5E101_sub1,45.87224,11.02077,113
D118_E5E101_sub1,45.87251,11.02119,114
D118_E5E101_sub1,45.87271,11.02190,115
D118_E5E101_sub1,45.87278,11.02436,116
D228_F5633a_Andata_sub1,45.92877,11.07220,1
D228_F5633a_Andata_sub1,45.92890,11.07139,2
D228_F5633a_Andata_sub1,45.92726,11.07053,3
D228_F5633a_Andata_sub1,45.92811,11.06625,4
D228_F5633a_Andata_sub1,45.92827,11.06536,5
D228_F5633a_Andata_sub1,45.92838,11.06405,6
D228_F5633a_Andata_sub1,45.92834,11.06240,7
D228_F5633a_Andata_sub1,45.92810,11.06068,8
D228_F5633a_Andata_sub1,45.92783,11.05925,9
D228_F5633a_Andata_sub1,45.92740,11.05813,10
D228_F5633a_Andata_sub1,45.92702,11.05718,11
D228_F5633a_Andata_sub1,45.92605,11.05551,12
D228_F5633a_Andata_sub1,45.92555,11.05444,13
D228_F5633a_Andata_sub1,45.92544,11.05411,14
D228_F5633a_Andata_sub1,45.92555,11.05261,15
D228_F5633a_Andata_sub1,45.92553,11.05234,16
D228_F5633a_Andata_sub1,45.92546,11.05206,17
D228_F5633a_Andata_sub1,45.92531,11.05173,18
D228_F5633a_Andata_sub1,45.92497,11.05133,19
D228_F5633a_Andata_sub1,45.92480,11.05110,20
D228_F5633a_Andata_sub1,45.92474,11.05086,21
D228_F5633a_Andata_sub1,45.92477,11.05055,22
D228_F5633a_Andata_sub1,45.92490,11.04996,23
D228_F5633a_Andata_sub1,45.92491,11.04977,24
D228_F5633a_Andata_sub1,45.92460,11.04840,25
D228_F5633a_Andata_sub1,45.92535,11.04784,26
D228_F5633a_Andata_sub1,45.92564,11.04788,27
D228_F5633a_Andata_sub1,45.92640,11.04746,28
D228_F5633a_Andata_sub1,45.92650,11.04735,29
D228_F5633a_Andata_sub1,45.92651,11.04717,30
D228_F5633a_Andata_sub1,45.92642,11.04645,31
D228_F5633a_Andata_sub1,45.92644,11.04623,32
D228_F5633a_Andata_sub1,45.92651,11.04597,33
D228_F5633a_Andata_sub1,45.92641,11.04555,34
D228_F5633a_Andata_sub1,45.92635,11.04531,35
D228_F5633a_Andata_sub1,45.92626,11.04441,36
D228_F5633a_Andata_sub1,45.92619,11.04420,37
D228_F5633a_Andata_sub1,45.92632,11.04390,38
D228_F5633a_Andata_sub1,45.92633,11.04316,39
D228_F5633a_Andata_sub1,45.92634,11.04241,40
D228_F5633a_Andata_sub1,45.92617,11.04138,41
D228_F5633a_Andata_sub1,45.92594,11.04067,42
D228_F5633a_Andata_sub1,45.92512,11.04108,43
D228_F5633a_Andata_sub1,45.92315,11.04170,44
D228_F5633a_Andata_sub1,45.92271,11.03934,45
D228_F5633a_Andata_sub1,45.92252,11.03892,46
D228_F5633a_Andata_sub1,45.92221,11.03856,47
D228_F5633a_Andata_sub1,45.92188,11.03840,48
D228_F5633a_Andata_sub1,45.92084,11.03829,49
D228_F5633a_Andata_sub1,45.92080,11.03803,50
D228_F5633a_Andata_sub1,45.92070,11.03789,51
D228_F5633a_Andata_sub1,45.92067,11.03764,52
D228_F5633a_Andata_sub1,45.92070,11.03737,53
D228_F5633a_Andata_sub1,45.92127,11.03665,54
D228_F5633a_Andata_sub1,45.92138,11.03640,55
D228_F5633a_Andata_sub1,45.92182,11.03589,56
D228_F5633a_Andata_sub1,45.92208,11.03545,57
D228_F5633a_Andata_sub1,45.92212,11.03471,58
D228_F5633a_Andata_sub1,45.92224,11.03391,59
D228_F5633a_Andata_sub1,45.92164,11.03289,60
D228_F5633a_Andata_sub1,45.92075,11.03203,61
D228_F5633a_Andata_sub1,45.91936,11.03142,62
D228_F5633a_Andata_sub1,45.91936,11.03107,63
D228_F5633a_Andata_sub1,45.91936,11.03090,64
D228_F5633a_Andata_sub1,45.91876,11.02993,65
D228_F5633a_Andata_sub1,45.91861,11.03001,66
D228_F5633a_Andata_sub1,45.91771,11.02870,67
D228_F5633a_Andata_sub1,45.91728,11.02884,68
D228_F5633a_Andata_sub1,45.91647,11.02882,69
D228_F5633a_Andata_sub1,45.91627,11.02803,70
D228_F5633a_Andata_sub1,45.91599,11.02766,71
D228_F5633a_Andata_sub1,45.91586,11.02778,72
D228_F5633a_Andata_sub1,45.91499,11.02778,73
D228_F5633a_Andata_sub1,45.91457,11.02762,74
D228_F5633a_Andata_sub1,45.91292,11.02673,75
D228_F5633a_Andata_sub1,45.91273,11.02649,76
D228_F5633a_Andata_sub1,45.91185,11.02473,77
D228_F5633a_Andata_sub1,45.91182,11.02500,78
D228_F5633a_Andata_sub1,45.91183,11.02598,79
D228_F5633a_Andata_sub1,45.91152,11.02657,80
D228_F5633a_Andata_sub1,45.91142,11.02704,81
D228_F5633a_Andata_sub1,45.91174,11.02947,82
D228_F5633a_Andata_sub1,45.91259,11.03202,83
D228_F5633a_Andata_sub1,45.91310,11.03266,84
D228_F5633a_Andata_sub1,45.91355,11.03290,85
D228_F5633a_Andata_sub1,45.91461,11.03301,86
D228_F5633a_Andata_sub1,45.91493,11.03321,87
D228_F5633a_Andata_sub1,45.91483,11.03335,88
D228_F5633a_Andata_sub1,45.91429,11.03469,89
D228_F5633a_Andata_sub1,45.91408,11.03470,90
D228_F5633a_Andata_sub1,45.91388,11.03506,91
D228_F5633a_Andata_sub1,45.91386,11.03535,92
D228_F5633a_Andata_sub1,45.91397,11.03553,93
D228_F5633a_Andata_sub1,45.91289,11.03793,94
D228_F5633a_Andata_sub1,45.91220,11.03910,95
D228_F5633a_Andata_sub1,45.91146,11.03939,96
D228_F5633a_Andata_sub1,45.90862,11.04085,97
D228_F5633a_Andata_sub1,45.90828,11.04067,98
D228_F5633a_Andata_sub1,45.90822,11.04061,99
D228_F5633a_Andata_sub1,45.90753,11.04026,100
D228_F5633a_Andata_sub1,45.90689,11.04013,101
D228_F5633a_Andata_sub1,45.90633,11.04013,102
D228_F5633a_Andata_sub1,45.90529,11.04038,103
D228_F5633a_Andata_sub1,45.90396,11.04092,104
D228_F5633a_Andata_sub1,45.89539,11.04348,105
D228_F5633a_Andata_sub1,45.89162,11.04389,106
D228_F5633a_Andata_sub1,45.89105,11.04384,107
D228_F5633a_Andata_sub1,45.89104,11.04378,108
D228_F5633a_Andata_sub1,45.89109,11.04362,109
D228_F5633a_Andata_sub1,45.89107,11.04342,110
D228_F5633a_Andata_sub1,45.89095,11.04335,111
D228_F5633a_Andata_sub1,45.89095,11.04037,112
D228_F5633a_Andata_sub1,45.89098,11.03557,113
D228_F5633a_Andata_sub1,45.89063,11.03557,114
D228_F5633a_Andata_sub1,45.89028,11.03578,115
D397_R5E102_sub2,45.86449,11.02940,1
D397_R5E102_sub2,45.86344,11.02785,2
D397_R5E102_sub2,45.86336,11.02772,3
D397_R5E102_sub2,45.86339,11.02769,4
D397_R5E102_sub2,45.86338,11.02760,5
D397_R5E102_sub2,45.86639,11.02368,6
D397_R5E102_sub2,45.86688,11.02353,7
D397_R5E102_sub2,45.86713,11.02358,8
D397_R5E102_sub2,45.86836,11.02351,9
D397_R5E102_sub2,45.86839,11.02281,10
D397_R5E102_sub2,45.86837,11.02102,11
D397_R5E102_sub2,45.86746,11.02050,12
D397_R5E102_sub2,45.86458,11.01762,13
D397_R5E102_sub2,45.86419,11.01688,14
D397_R5E102_sub2,45.86414,11.01641,15
D397_R5E102_sub2,45.86417,11.01612,16
D397_R5E102_sub2,45.86517,11.01257,17
D397_R5E102_sub2,45.86538,11.01153,18
D397_R5E102_sub2,45.86552,11.00799,19
D397_R5E102_sub2,45.86565,11.00784,20
D397_R5E102_sub2,45.86584,11.00783,21
D397_R5E102_sub2,45.86623,11.00845,22
D397_R5E102_sub2,45.86634,11.00847,23
D397_R5E102_sub2,45.86636,11.00861,24
D397_R5E102_sub2,45.86641,11.00893,25
D397_R5E102_sub2,45.86656,11.00924,26
D397_R5E102_sub2,45.86738,11.01054,27
D397_R5E102_sub2,45.86788,11.01173,28
D397_R5E102_sub2,45.86816,11.01245,29
D397_R5E102_sub2,45.86796,11.01266,30
D397_R5E102_sub2,45.86795,11.01293,31
D397_R5E102_sub2,45.86804,11.01304,32
D397_R5E102_sub2,45.86816,11.01308,33
D397_R5E102_sub2,45.86830,11.01307,34
D397_R5E102_sub2,45.86860,11.01394,35
D397_R5E102_sub2,45.86913,11.01515,36
D397_R5E102_sub2,45.86920,11.01517,37
D397_R5E102_sub2,45.87193,11.01945,38
D397_R5E102_sub2,45.87211,11.01998,39
D397_R5E102_sub2,45.87207,11.02045,40
D397_R5E102_sub2,45.87207,11.02068,41
D397_R5E102_sub2,45.87217,11.02078,42
D397_R5E102_sub2,45.87224,11.02077,43
D397_R5E102_sub2,45.87251,11.02119,44
D397_R5E102_sub2,45.87271,11.02190,45
D397_R5E102_sub2,45.87288,11.03106,46
D397_R5E102_sub2,45.87280,11.03110,47
D397_R5E102_sub2,45.87278,11.03126,48
D397_R5E102_sub2,45.87288,11.03141,49
D397_R5E102_sub2,45.87637,11.03204,50
D397_R5E102_sub2,45.87679,11.03202,51
D397_R5E102_sub2,45.87748,11.03277,52
D397_R5E102_sub2,45.88022,11.03575,53
D397_R5E102_sub2,45.88351,11.04064,54
D397_R5E102_sub2,45.88413,11.04181,55
D397_R5E102_sub2,45.88413,11.04200,56
D397_R5E102_sub2,45.88428,11.04201,57
D397_R5E102_sub2,45.88430,11.04180,58
D397_R5E102_sub2,45.88569,11.04058,59
D397_R5E102_sub2,45.88609,11.04031,60
D397_R5E102_sub2,45.88720,11.04037,61
D397_R5E102_sub2,45.88708,11.03585,62
D397_R5E102_sub2,45.88745,11.03355,63
D397_R5E102_sub2,45.88800,11.03374,64
D397_R5E102_sub2,45.88993,11.03410,65
D397_R5E102_sub2,45.89039,11.03432,66
D397_R5E102_sub2,45.89070,11.03459,67
D397_R5E102_sub2,45.89071,11.03472,68
D397_R5E102_sub2,45.89083,11.03478,69
D397_R5E102_sub2,45.89098,11.03541,70
D397_R5E102_sub2,45.89096,11.03819,71
D259_R5120a_Ritorno_sub2,45.83688,11.01109,1
D259_R5120a_Ritorno_sub2,45.83790,11.01038,2
D259_R5120a_Ritorno_sub2,45.83908,11.01001,3
D259_R5120a_Ritorno_sub2,45.83982,11.00967,4
D259_R5120a_Ritorno_sub2,45.84003,11.00962,5
D259_R5120a_Ritorno_sub2,45.84054,11.00935,6
D259_R5120a_Ritorno_sub2,45.84095,11.00902,7
D259_R5120a_Ritorno_sub2,45.84119,11.00875,8
D259_R5120a_Ritorno_sub2,45.84160,11.00810,9
D259_R5120a_Ritorno_sub2,45.84172,11.00799,10
D259_R5120a_Ritorno_sub2,45.84218,11.00774,11
D259_R5120a_Ritorno_sub2,45.84257,11.00767,12
D259_R5120a_Ritorno_sub2,45.84297,11.00777,13
D259_R5120a_Ritorno_sub2,45.84319,11.00793,14
D259_R5120a_Ritorno_sub2,45.84370,11.00845,15
D259_R5120a_Ritorno_sub2,45.84519,11.00965,16
D259_R5120a_Ritorno_sub2,45.84519,11.00965,17
D259_R5120a_Ritorno_sub2,45.84829,11.01215,18
D259_R5120a_Ritorno_sub2,45.84880,11.01229,19
D259_R5120a_Ritorno_sub2,45.84929,11.01254,20
D259_R5120a_Ritorno_sub2,45.84965,11.01276,21
D259_R5120a_Ritorno_sub2,45.84973,11.01286,22
D259_R5120a_Ritorno_sub2,45.84972,11.01296,23
D259_R5120a_Ritorno_sub2,45.84975,11.01305,24
D259_R5120a_Ritorno_sub2,45.84981,11.01309,25
D259_R5120a_Ritorno_sub2,45.84989,11.01308,26
D259_R5120a_Ritorno_sub2,45.84995,11.01304,27
D259_R5120a_Ritorno_sub2,45.85005,11.01301,28
D259_R5120a_Ritorno_sub2,45.85149,11.01302,29
D259_R5120a_Ritorno_sub2,45.85211,11.01312,30
D259_R5120a_Ritorno_sub2,45.85239,11.01325,31
D259_R5120a_Ritorno_sub2,45.85272,11.01356,32
D259_R5120a_Ritorno_sub2,45.85328,11.01427,33
D259_R5120a_Ritorno_sub2,45.85403,11.01551,34
D259_R5120a_Ritorno_sub2,45.85489,11.01803,35
D259_R5120a_Ritorno_sub2,45.85504,11.01837,36
D259_R5120a_Ritorno_sub2,45.85544,11.01902,37
D259_R5120a_Ritorno_sub2,45.85592,11.01949,38
D259_R5120a_Ritorno_sub2,45.85725,11.02025,39
D259_R5120a_Ritorno_sub2,45.85765,11.02061,40
D259_R5120a_Ritorno_sub2,45.85807,11.02111,41
D259_R5120a_Ritorno_sub2,45.85825,11.02139,42
D259_R5120a_Ritorno_sub2,45.85869,11.02227,43
D259_R5120a_Ritorno_sub2,45.85911,11.02293,44
D259_R5120a_Ritorno_sub2,45.85979,11.02446,45
D259_R5120a_Ritorno_sub2,45.86036,11.02544,46
D259_R5120a_Ritorno_sub2,45.86080,11.02591,47
D259_R5120a_Ritorno_sub2,45.86160,11.02653,48
D259_R5120a_Ritorno_sub2,45.86327,11.02761,49
D259_R5120a_Ritorno_sub2,45.86329,11.02771,50
D259_R5120a_Ritorno_sub2,45.86336,11.02772,51
D259_R5120a_Ritorno_sub2,45.86463,11.02963,52
D259_R5120a_Ritorno_sub2,45.86501,11.03006,53
D259_R5120a_Ritorno_sub2,45.86536,11.03022,54
D259_R5120a_Ritorno_sub2,45.86638,11.03047,55
D259_R5120a_Ritorno_sub2,45.86716,11.03083,56
D259_R5120a_Ritorno_sub2,45.86835,11.03114,57
D259_R5120a_Ritorno_sub2,45.86980,11.03105,58
D259_R5120a_Ritorno_sub2,45.87199,11.03119,59
D259_R5120a_Ritorno_sub2,45.87251,11.03131,60
D259_R5120a_Ritorno_sub2,45.87277,11.03128,61
D259_R5120a_Ritorno_sub2,45.87283,11.03139,62
D259_R5120a_Ritorno_sub2,45.87342,11.03155,63
D259_R5120a_Ritorno_sub2,45.87640,11.03202,64
D259_R5120a_Ritorno_sub2,45.87681,11.03203,65
D259_R5120a_Ritorno_sub2,45.87681,11.03203,66
D259_R5120a_Ritorno_sub2,45.88016,11.03570,67
D259_R5120a_Ritorno_sub2,45.88130,11.03732,68
D259_R5120a_Ritorno_sub2,45.88355,11.04072,69
D259_R5120a_Ritorno_sub2,45.88415,11.04179,70
D259_R5120a_Ritorno_sub2,45.88415,11.04179,71
D259_R5120a_Ritorno_sub2,45.88411,11.04186,72
D259_R5120a_Ritorno_sub2,45.88412,11.04197,73
D259_R5120a_Ritorno_sub2,45.88416,11.04203,74
D259_R5120a_Ritorno_sub2,45.88426,11.04202,75
D259_R5120a_Ritorno_sub2,45.88431,11.04192,76
D259_R5120a_Ritorno_sub2,45.88429,11.04183,77
D259_R5120a_Ritorno_sub2,45.88532,11.04089,78
D259_R5120a_Ritorno_sub2,45.88605,11.04031,79
D259_R5120a_Ritorno_sub2,45.88721,11.04038,80
D259_R5120a_Ritorno_sub2,45.88721,11.04038,81
D259_R5120a_Ritorno_sub2,45.88708,11.03693,82
D259_R5120a_Ritorno_sub2,45.88708,11.03693,83
D259_R5120a_Ritorno_sub2,45.88836,11.03670,84
D259_R5120a_Ritorno_sub2,45.88853,11.03657,85
D259_R5120a_Ritorno_sub2,45.88921,11.03568,86
D259_R5120a_Ritorno_sub2,45.88921,11.03568,87
D259_R5120a_Ritorno_sub2,45.88937,11.03403,88
D259_R5120a_Ritorno_sub2,45.88937,11.03403,89
D259_R5120a_Ritorno_sub2,45.88998,11.03411,90
D259_R5120a_Ritorno_sub2,45.88998,11.03411,91
D259_R5120a_Ritorno_sub2,45.89040,11.03433,92
D259_R5120a_Ritorno_sub2,45.89069,11.03459,93
D259_R5120a_Ritorno_sub2,45.89071,11.03470,94
D259_R5120a_Ritorno_sub2,45.89080,11.03479,95
D259_R5120a_Ritorno_sub2,45.89087,11.03501,96
D259_R5120a_Ritorno_sub2,45.89097,11.03536,97
D259_R5120a_Ritorno_sub2,45.89098,11.03558,98
D259_R5120a_Ritorno_sub2,45.89098,11.03558,99
D259_R5120a_Ritorno_sub2,45.89093,11.03993,100
D259_R5120a_Ritorno_sub2,45.89186,11.04019,101
D259_R5120a_Ritorno_sub2,45.89269,11.03800,102
D259_R5120a_Ritorno_sub2,45.89285,11.03762,103
D259_R5120a_Ritorno_sub2,45.89313,11.03682,104
D259_R5120a_Ritorno_sub2,45.89401,11.03454,105
D259_R5120a_Ritorno_sub2,45.89410,11.03423,106
D259_R5120a_Ritorno_sub2,45.89451,11.03326,107
D259_R5120a_Ritorno_sub2,45.89466,11.03300,108
D259_R5120a_Ritorno_sub2,45.89541,11.03229,109
D259_R5120a_Ritorno_sub2,45.89563,11.03204,110
D259_R5120a_Ritorno_sub2,45.89573,11.03185,111
D259_R5120a_Ritorno_sub2,45.89604,11.03083,112
D259_R5120a_Ritorno_sub2,45.89611,11.03052,113
D259_R5120a_Ritorno_sub2,45.89606,11.03026,114
D259_R5120a_Ritorno_sub2,45.89584,11.02980,115
D259_R5120a_Ritorno_sub2,45.89588,11.02905,116
D259_R5120a_Ritorno_sub2,45.89565,11.02894,117
D292_R5227_Andata_sub2,45.88420,11.07297,1
D292_R5227_Andata_sub2,45.88414,11.07309,2
D292_R5227_Andata_sub2,45.88420,11.07317,3
D292_R5227_Andata_sub2,45.88430,11.07314,4
D292_R5227_Andata_sub2,45.88478,11.07241,5
D292_R5227_Andata_sub2,45.88485,11.07225,6
D292_R5227_Andata_sub2,45.88481,11.07206,7
D292_R5227_Andata_sub2,45.88467,11.07202,8
D292_R5227_Andata_sub2,45.88392,11.07241,9
D292_R5227_Andata_sub2,45.88377,11.07257,10
D292_R5227_Andata_sub2,45.88352,11.07297,11
D292_R5227_Andata_sub2,45.88316,11.07310,12
D292_R5227_Andata_sub2,45.88281,11.07298,13
D292_R5227_Andata_sub2,45.88253,11.07272,14
D292_R5227_Andata_sub2,45.88234,11.07242,15
D292_R5227_Andata_sub2,45.88220,11.07207,16
D292_R5227_Andata_sub2,45.88208,11.07163,17
D292_R5227_Andata_sub2,45.88197,11.07148,18
D292_R5227_Andata_sub2,45.88184,11.07147,19
D292_R5227_Andata_sub2,45.88130,11.07178,20
D292_R5227_Andata_sub2,45.88119,11.07179,21
D292_R5227_Andata_sub2,45.88119,11.07179,22
D292_R5227_Andata_sub2,45.88111,11.07172,23
D292_R5227_Andata_sub2,45.88104,11.07157,24
D292_R5227_Andata_sub2,45.88104,11.07106,25
D292_R5227_Andata_sub2,45.88112,11.07063,26
D292_R5227_Andata_sub2,45.88126,11.07041,27
D292_R5227_Andata_sub2,45.88159,11.07023,28
D292_R5227_Andata_sub2,45.88182,11.07018,29
D292_R5227_Andata_sub2,45.88210,11.07025,30
D292_R5227_Andata_sub2,45.88350,11.07085,31
D292_R5227_Andata_sub2,45.88383,11.07086,32
D292_R5227_Andata_sub2,45.88399,11.07077,33
D292_R5227_Andata_sub2,45.88513,11.06849,34
D292_R5227_Andata_sub2,45.88666,11.06559,35
D292_R5227_Andata_sub2,45.88718,11.06485,36
D292_R5227_Andata_sub2,45.88784,11.06457,37
D292_R5227_Andata_sub2,45.88790,11.06451,38
D292_R5227_Andata_sub2,45.88793,11.06437,39
D292_R5227_Andata_sub2,45.88791,11.06428,40
D292_R5227_Andata_sub2,45.88780,11.06420,41
D292_R5227_Andata_sub2,45.88717,11.06432,42
D292_R5227_Andata_sub2,45.88704,11.06419,43
D292_R5227_Andata_sub2,45.88704,11.06419,44
D292_R5227_Andata_sub2,45.88689,11.06358,45
D292_R5227_Andata_sub2,45.88681,11.06289,46
D292_R5227_Andata_sub2,45.88699,11.06187,47
D292_R5227_Andata_sub2,45.88702,11.06055,48
D292_R5227_Andata_sub2,45.88707,11.06036,49
D292_R5227_Andata_sub2,45.88766,11.05906,50
D292_R5227_Andata_sub2,45.88784,11.05850,51
D292_R5227_Andata_sub2,45.88790,11.05823,52
D292_R5227_Andata_sub2,45.88796,11.05684,53
D292_R5227_Andata_sub2,45.88804,11.05600,54
D292_R5227_Andata_sub2,45.88832,11.05545,55
D292_R5227_Andata_sub2,45.88842,11.05487,56
D292_R5227_Andata_sub2,45.88853,11.05465,57
D292_R5227_Andata_sub2,45.88875,11.05461,58
D292_R5227_Andata_sub2,45.88922,11.05479,59
D292_R5227_Andata_sub2,45.88931,11.05478,60
D292_R5227_Andata_sub2,45.88939,11.05475,61
D292_R5227_Andata_sub2,45.88945,11.05466,62
D292_R5227_Andata_sub2,45.88949,11.05440,63
D292_R5227_Andata_sub2,45.88944,11.05417,64
D292_R5227_Andata_sub2,45.88933,11.05406,65
D292_R5227_Andata_sub2,45.88860,11.05385,66
D292_R5227_Andata_sub2,45.88840,11.05369,67
D292_R5227_Andata_sub2,45.88833,11.05346,68
D292_R5227_Andata_sub2,45.88833,11.05301,69
D292_R5227_Andata_sub2,45.88840,11.05266,70
D292_R5227_Andata_sub2,45.88880,11.05216,71
D292_R5227_Andata_sub2,45.88882,11.05204,72
D292_R5227_Andata_sub2,45.88878,11.05189,73
D292_R5227_Andata_sub2,45.88842,11.05161,74
D292_R5227_Andata_sub2,45.88827,11.05141,75
D292_R5227_Andata_sub2,45.88827,11.05103,76
D292_R5227_Andata_sub2,45.88839,11.05056,77
D292_R5227_Andata_sub2,45.88854,11.05024,78
D292_R5227_Andata_sub2,45.88877,11.04999,79
D292_R5227_Andata_sub2,45.88887,11.04994,80
D292_R5227_Andata_sub2,45.88912,11.04995,81
D292_R5227_Andata_sub2,45.88981,11.05025,82
D292_R5227_Andata_sub2,45.89005,11.05024,83
D292_R5227_Andata_sub2,45.89111,11.04984,84
D292_R5227_Andata_sub2,45.89177,11.04979,85
D292_R5227_Andata_sub2,45.89197,11.04975,86
D292_R5227_Andata_sub2,45.89206,11.04966,87
D292_R5227_Andata_sub2,45.89206,11.04966,88
D292_R5227_Andata_sub2,45.89205,11.04954,89
D292_R5227_Andata_sub2,45.89200,11.04948,90
D292_R5227_Andata_sub2,45.89140,11.04903,91
D292_R5227_Andata_sub2,45.89110,11.04868,92
D292_R5227_Andata_sub2,45.89097,11.04821,93
D292_R5227_Andata_sub2,45.89098,11.04786,94
D292_R5227_Andata_sub2,45.89107,11.04727,95
D292_R5227_Andata_sub2,45.89104,11.04716,96
D292_R5227_Andata_sub2,45.89104,11.04716,97
D292_R5227_Andata_sub2,45.89096,11.04707,98
D292_R5227_Andata_sub2,45.89073,11.04697,99
D292_R5227_Andata_sub2,45.89055,11.04698,100
D292_R5227_Andata_sub2,45.89047,11.04693,101
D292_R5227_Andata_sub2,45.89044,11.04677,102
D292_R5227_Andata_sub2,45.89047,11.04666,103
D292_R5227_Andata_sub2,45.89047,11.04666,104
D292_R5227_Andata_sub2,45.89078,11.04653,105
D292_R5227_Andata_sub2,45.89159,11.04634,106
D292_R5227_Andata_sub2,45.89163,11.04607,107
D292_R5227_Andata_sub2,45.89163,11.04607,108
D292_R5227_Andata_sub2,45.89154,11.04595,109
D292_R5227_Andata_sub2,45.89138,11.04594,110
D292_R5227_Andata_sub2,45.89043,11.04620,111
D292_R5227_Andata_sub2,45.88995,11.04626,112
D292_R5227_Andata_sub2,45.88988,11.04625,113
D292_R5227_Andata_sub2,45.88983,11.04618,114
D292_R5227_Andata_sub2,45.88983,11.04618,115
D292_R5227_Andata_sub2,45.89014,11.04577,116
D292_R5227_Andata_sub2,45.89018,11.04536,117
D292_R5227_Andata_sub2,45.89076,11.04500,118
D292_R5227_Andata_sub2,45.89102,11.04463,119
D292_R5227_Andata_sub2,45.89107,11.04415,120
D292_R5227_Andata_sub2,45.89104,11.04378,121
D292_R5227_Andata_sub2,45.89104,11.04378,122
D292_R5227_Andata_sub2,45.89109,11.04370,123
D292_R5227_Andata_sub2,45.89109,11.04351,124
D292_R5227_Andata_sub2,45.89107,11.04340,125
D292_R5227_Andata_sub2,45.89096,11.04335,126
D292_R5227_Andata_sub2,45.89095,11.04320,127
D292_R5227_Andata_sub2,45.89098,11.03558,128
D292_R5227_Andata_sub2,45.89098,11.03558,129
D292_R5227_Andata_sub2,45.89097,11.03536,130
D292_R5227_Andata_sub2,45.89105,11.03479,131
D292_R5227_Andata_sub2,45.89105,11.03479,132
D292_R5227_Andata_sub2,45.89124,11.03453,133
D292_R5227_Andata_sub2,45.89136,11.03444,134
D292_R5227_Andata_sub2,45.89146,11.03441,135
D302_R5304a_Ritorno_sub2,45.87835,10.99239,1
D302_R5304a_Ritorno_sub2,45.87814,10.99161,2
D302_R5304a_Ritorno_sub2,45.87781,10.99133,3
D302_R5304a_Ritorno_sub2,45.87754,10.99130,4
D302_R5304a_Ritorno_sub2,45.87740,10.99153,5
D302_R5304a_Ritorno_sub2,45.87722,10.99186,6
D302_R5304a_Ritorno_sub2,45.87659,10.99228,7
D302_R5304a_Ritorno_sub2,45.87573,10.99405,8
D302_R5304a_Ritorno_sub2,45.87517,10.99498,9
D302_R5304a_Ritorno_sub2,45.87523,10.99508,10
D302_R5304a_Ritorno_sub2,45.87732,10.99420,11
D302_R5304a_Ritorno_sub2,45.87778,10.99426,12
D302_R5304a_Ritorno_sub2,45.87811,10.99434,13
D302_R5304a_Ritorno_sub2,45.87977,10.99534,14
D302_R5304a_Ritorno_sub2,45.88076,10.99617,15
D302_R5304a_Ritorno_sub2,45.88105,10.99619,16
D302_R5304a_Ritorno_sub2,45.88177,10.99608,17
D302_R5304a_Ritorno_sub2,45.88235,10.99632,18
D302_R5304a_Ritorno_sub2,45.88415,10.99734,19
D302_R5304a_Ritorno_sub2,45.88441,10.99734,20
D302_R5304a_Ritorno_sub2,45.88482,10.99725,21
D302_R5304a_Ritorno_sub2,45.88567,10.99790,22
D302_R5304a_Ritorno_sub2,45.88593,10.99824,23
D302_R5304a_Ritorno_sub2,45.88664,10.99923,24
D302_R5304a_Ritorno_sub2,45.88678,10.99931,25
D302_R5304a_Ritorno_sub2,45.88749,10.99918,26
D302_R5304a_Ritorno_sub2,45.88798,10.99948,27
D302_R5304a_Ritorno_sub2,45.88856,10.99947,28
D302_R5304a_Ritorno_sub2,45.88870,10.99945,29
D302_R5304a_Ritorno_sub2,45.88911,10.99972,30
D302_R5304a_Ritorno_sub2,45.88993,10.99995,31
D302_R5304a_Ritorno_sub2,45.89051,11.00040,32
D302_R5304a_Ritorno_sub2,45.89099,11.00035,33
D302_R5304a_Ritorno_sub2,45.89121,11.00044,34
D302_R5304a_Ritorno_sub2,45.89172,11.00074,35
D302_R5304a_Ritorno_sub2,45.89206,11.00089,36
D302_R5304a_Ritorno_sub2,45.89336,11.00173,37
D302_R5304a_Ritorno_sub2,45.89380,11.00227,38
D302_R5304a_Ritorno_sub2,45.89468,11.00387,39
D302_R5304a_Ritorno_sub2,45.89490,11.00431,40
D302_R5304a_Ritorno_sub2,45.89509,11.00461,41
D302_R5304a_Ritorno_sub2,45.89542,11.00474,42
D302_R5304a_Ritorno_sub2,45.89636,11.00470,43
D302_R5304a_Ritorno_sub2,45.89653,11.00455,44
D302_R5304a_Ritorno_sub2,45.89670,11.00414,45
D302_R5304a_Ritorno_sub2,45.89661,11.00339,46
D302_R5304a_Ritorno_sub2,45.89661,11.00299,47
D302_R5304a_Ritorno_sub2,45.89699,11.00231,48
D302_R5304a_Ritorno_sub2,45.89746,11.00213,49
D302_R5304a_Ritorno_sub2,45.89890,11.00213,50
D302_R5304a_Ritorno_sub2,45.90064,11.00081,51
D302_R5304a_Ritorno_sub2,45.90087,11.00077,52
D302_R5304a_Ritorno_sub2,45.90126,11.00072,53
D302_R5304a_Ritorno_sub2,45.90148,11.00054,54
D302_R5304a_Ritorno_sub2,45.90168,11.00053,55
D302_R5304a_Ritorno_sub2,45.90197,11.00059,56
D302_R5304a_Ritorno_sub2,45.90230,11.00056,57
D302_R5304a_Ritorno_sub2,45.90262,11.00044,58
D302_R5304a_Ritorno_sub2,45.90269,11.00038,59
D302_R5304a_Ritorno_sub2,45.90272,11.00032,60
D302_R5304a_Ritorno_sub2,45.90270,11.00027,61
D302_R5304a_Ritorno_sub2,45.90267,11.00027,62
D302_R5304a_Ritorno_sub2,45.90264,11.00033,63
D302_R5304a_Ritorno_sub2,45.90260,11.00039,64
D302_R5304a_Ritorno_sub2,45.90229,11.00051,65
D302_R5304a_Ritorno_sub2,45.90196,11.00053,66
D302_R5304a_Ritorno_sub2,45.90168,11.00048,67
D302_R5304a_Ritorno_sub2,45.90146,11.00049,68
D302_R5304a_Ritorno_sub2,45.90125,11.00066,69
D302_R5304a_Ritorno_sub2,45.90086,11.00070,70
D302_R5304a_Ritorno_sub2,45.90062,11.00075,71
D302_R5304a_Ritorno_sub2,45.89889,11.00204,72
D302_R5304a_Ritorno_sub2,45.89744,11.00206,73
D302_R5304a_Ritorno_sub2,45.89695,11.00224,74
D302_R5304a_Ritorno_sub2,45.89655,11.00296,75
D302_R5304a_Ritorno_sub2,45.89654,11.00337,76
D302_R5304a_Ritorno_sub2,45.89664,11.00412,77
D302_R5304a_Ritorno_sub2,45.89647,11.00449,78
D302_R5304a_Ritorno_sub2,45.89635,11.00462,79
D302_R5304a_Ritorno_sub2,45.89543,11.00463,80
D302_R5304a_Ritorno_sub2,45.89511,11.00450,81
D302_R5304a_Ritorno_sub2,45.89494,11.00425,82
D302_R5304a_Ritorno_sub2,45.89472,11.00380,83
D302_R5304a_Ritorno_sub2,45.89384,11.00220,84
D302_R5304a_Ritorno_sub2,45.89338,11.00163,85
D302_R5304a_Ritorno_sub2,45.89209,11.00077,86
D302_R5304a_Ritorno_sub2,45.89174,11.00062,87
D302_R5304a_Ritorno_sub2,45.89121,11.00030,88
D302_R5304a_Ritorno_sub2,45.89100,11.00022,89
D302_R5304a_Ritorno_sub2,45.89052,11.00024,90
D302_R5304a_Ritorno_sub2,45.88993,10.99981,91
D302_R5304a_Ritorno_sub2,45.88911,10.99960,92
D302_R5304a_Ritorno_sub2,45.88867,10.99927,93
D302_R5304a_Ritorno_sub2,45.88851,10.99932,94
D302_R5304a_Ritorno_sub2,45.88844,10.99948,95
D302_R5304a_Ritorno_sub2,45.88923,11.00015,96
D302_R5304a_Ritorno_sub2,45.88957,11.00061,97
D302_R5304a_Ritorno_sub2,45.88985,11.00088,98
D302_R5304a_Ritorno_sub2,45.88990,11.00100,99
D302_R5304a_Ritorno_sub2,45.88989,11.00107,100
D302_R5304a_Ritorno_sub2,45.88980,11.00114,101
D302_R5304a_Ritorno_sub2,45.88921,11.00092,102
D302_R5304a_Ritorno_sub2,45.88860,11.00114,103
D302_R5304a_Ritorno_sub2,45.88761,11.00123,104
D302_R5304a_Ritorno_sub2,45.88700,11.00123,105
D302_R5304a_Ritorno_sub2,45.88700,11.00123,106
D302_R5304a_Ritorno_sub2,45.88695,11.00140,107
D302_R5304a_Ritorno_sub2,45.88760,11.00236,108
D302_R5304a_Ritorno_sub2,45.88869,11.00342,109
D302_R5304a_Ritorno_sub2,45.88892,11.00372,110
D302_R5304a_Ritorno_sub2,45.88971,11.00452,111
D302_R5304a_Ritorno_sub2,45.89045,11.00503,112
D302_R5304a_Ritorno_sub2,45.89097,11.00580,113
D302_R5304a_Ritorno_sub2,45.89173,11.00667,114
D302_R5304a_Ritorno_sub2,45.89207,11.00690,115
D302_R5304a_Ritorno_sub2,45.89207,11.00709,116
D302_R5304a_Ritorno_sub2,45.89199,11.00715,117
D302_R5304a_Ritorno_sub2,45.89159,11.00708,118
D302_R5304a_Ritorno_sub2,45.89147,11.00712,119
D302_R5304a_Ritorno_sub2,45.89081,11.00759,120
D302_R5304a_Ritorno_sub2,45.89033,11.00802,121
D302_R5304a_Ritorno_sub2,45.89015,11.00808,122
D302_R5304a_Ritorno_sub2,45.89003,11.00808,123
D302_R5304a_Ritorno_sub2,45.88966,11.00793,124
D302_R5304a_Ritorno_sub2,45.88873,11.00797,125
D302_R5304a_Ritorno_sub2,45.88851,11.00787,126
D302_R5304a_Ritorno_sub2,45.88765,11.00722,127
D302_R5304a_Ritorno_sub2,45.88752,11.00718,128
D302_R5304a_Ritorno_sub2,45.88733,11.00721,129
D302_R5304a_Ritorno_sub2,45.88702,11.00745,130
D302_R5304a_Ritorno_sub2,45.88679,11.00748,131
D302_R5304a_Ritorno_sub2,45.88596,11.00711,132
D302_R5304a_Ritorno_sub2,45.88569,11.00713,133
D302_R5304a_Ritorno_sub2,45.88569,11.00713,134
D302_R5304a_Ritorno_sub2,45.88435,11.00806,135
D302_R5304a_Ritorno_sub2,45.88435,11.00806,136
D302_R5304a_Ritorno_sub2,45.88431,11.00814,137
D302_R5304a_Ritorno_sub2,45.88435,11.00828,138
D302_R5304a_Ritorno_sub2,45.88503,11.00840,139
D302_R5304a_Ritorno_sub2,45.88527,11.00850,140
D302_R5304a_Ritorno_sub2,45.88527,11.00850,141
D302_R5304a_Ritorno_sub2,45.88533,11.00924,142
D302_R5304a_Ritorno_sub2,45.88533,11.00924,143
D302_R5304a_Ritorno_sub2,45.88503,11.00929,144
D302_R5304a_Ritorno_sub2,45.88503,11.00929,145
D302_R5304a_Ritorno_sub2,45.88498,11.00952,146
D302_R5304a_Ritorno_sub2,45.88470,11.00958,147
D302_R5304a_Ritorno_sub2,45.88423,11.00936,148
D302_R5304a_Ritorno_sub2,45.88365,11.00918,149
D302_R5304a_Ritorno_sub2,45.88290,11.00926,150
D302_R5304a_Ritorno_sub2,45.88264,11.00915,151
D302_R5304a_Ritorno_sub2,45.88237,11.00915,152
D302_R5304a_Ritorno_sub2,45.88237,11.00915,153
D302_R5304a_Ritorno_sub2,45.88237,11.00932,154
D302_R5304a_Ritorno_sub2,45.88237,11.00932,155
D302_R5304a_Ritorno_sub2,45.88216,11.00947,156
D302_R5304a_Ritorno_sub2,45.88216,11.00947,157
D302_R5304a_Ritorno_sub2,45.88181,11.00912,158
D302_R5304a_Ritorno_sub2,45.88145,11.00887,159
D302_R5304a_Ritorno_sub2,45.88087,11.00864,160
D302_R5304a_Ritorno_sub2,45.88087,11.00864,161
D302_R5304a_Ritorno_sub2,45.88067,11.01000,162
D302_R5304a_Ritorno_sub2,45.88068,11.01024,163
D302_R5304a_Ritorno_sub2,45.88079,11.01051,164
D302_R5304a_Ritorno_sub2,45.88099,11.01065,165
D302_R5304a_Ritorno_sub2,45.88117,11.01070,166
D302_R5304a_Ritorno_sub2,45.88231,11.01087,167
D302_R5304a_Ritorno_sub2,45.88281,11.01089,168
D302_R5304a_Ritorno_sub2,45.88423,11.01225,169
D302_R5304a_Ritorno_sub2,45.88443,11.01239,170
D302_R5304a_Ritorno_sub2,45.88466,11.01247,171
D302_R5304a_Ritorno_sub2,45.88466,11.01247,172
D302_R5304a_Ritorno_sub2,45.88475,11.01262,173
D302_R5304a_Ritorno_sub2,45.88483,11.01420,174
D302_R5304a_Ritorno_sub2,45.88483,11.01559,175
D302_R5304a_Ritorno_sub2,45.88467,11.01611,176
D302_R5304a_Ritorno_sub2,45.88434,11.01644,177
D302_R5304a_Ritorno_sub2,45.88434,11.01644,178
D302_R5304a_Ritorno_sub2,45.88431,11.01660,179
D302_R5304a_Ritorno_sub2,45.88444,11.01708,180
D302_R5304a_Ritorno_sub2,45.88458,11.01787,181
D302_R5304a_Ritorno_sub2,45.88458,11.01787,182
D302_R5304a_Ritorno_sub2,45.88455,11.01793,183
D302_R5304a_Ritorno_sub2,45.88440,11.01787,184
D302_R5304a_Ritorno_sub2,45.88387,11.01809,185
D302_R5304a_Ritorno_sub2,45.88343,11.01835,186
D302_R5304a_Ritorno_sub2,45.88329,11.01893,187
D302_R5304a_Ritorno_sub2,45.88331,11.01950,188
D302_R5304a_Ritorno_sub2,45.88367,11.02064,189
D302_R5304a_Ritorno_sub2,45.88367,11.02064,190
D302_R5304a_Ritorno_sub2,45.88386,11.02111,191
D302_R5304a_Ritorno_sub2,45.88408,11.02145,192
D302_R5304a_Ritorno_sub2,45.88408,11.02145,193
D302_R5304a_Ritorno_sub2,45.88430,11.02185,194
D302_R5304a_Ritorno_sub2,45.88453,11.02252,195
D302_R5304a_Ritorno_sub2,45.88505,11.02460,196
D302_R5304a_Ritorno_sub2,45.88617,11.02855,197
D302_R5304a_Ritorno_sub2,45.88669,11.03058,198
D302_R5304a_Ritorno_sub2,45.88707,11.03113,199
D302_R5304a_Ritorno_sub2,45.88734,11.03167,200
D302_R5304a_Ritorno_sub2,45.88747,11.03205,201
D302_R5304a_Ritorno_sub2,45.88750,11.03227,202
D302_R5304a_Ritorno_sub2,45.88755,11.03235,203
D302_R5304a_Ritorno_sub2,45.88749,11.03325,204
D302_R5304a_Ritorno_sub2,45.88749,11.03325,205
D302_R5304a_Ritorno_sub2,45.88719,11.03502,206
D302_R5304a_Ritorno_sub2,45.88706,11.03516,207
D302_R5304a_Ritorno_sub2,45.88685,11.03520,208
D302_R5304a_Ritorno_sub2,45.88685,11.03520,209
D302_R5304a_Ritorno_sub2,45.88692,11.03552,210
D302_R5304a_Ritorno_sub2,45.88707,11.03585,211
D302_R5304a_Ritorno_sub2,45.88707,11.03585,212
D302_R5304a_Ritorno_sub2,45.88708,11.03693,213
D302_R5304a_Ritorno_sub2,45.88708,11.03693,214
D302_R5304a_Ritorno_sub2,45.88836,11.03670,215
D302_R5304a_Ritorno_sub2,45.88853,11.03657,216
D302_R5304a_Ritorno_sub2,45.88921,11.03568,217
D302_R5304a_Ritorno_sub2,45.88921,11.03568,218
D302_R5304a_Ritorno_sub2,45.88937,11.03403,219
D302_R5304a_Ritorno_sub2,45.88937,11.03403,220
D302_R5304a_Ritorno_sub2,45.88998,11.03411,221
D302_R5304a_Ritorno_sub2,45.88998,11.03411,222
D302_R5304a_Ritorno_sub2,45.89040,11.03433,223
D302_R5304a_Ritorno_sub2,45.89069,11.03459,224
D302_R5304a_Ritorno_sub2,45.89071,11.03470,225
D302_R5304a_Ritorno_sub2,45.89080,11.03479,226
D302_R5304a_Ritorno_sub2,45.89087,11.03501,227
D302_R5304a_Ritorno_sub2,45.89097,11.03536,228
D302_R5304a_Ritorno_sub2,45.89098,11.03558,229
D302_R5304a_Ritorno_sub2,45.89098,11.03558,230
D302_R5304a_Ritorno_sub2,45.89094,11.04157,231
D302_R5304a_Ritorno_sub2,45.89096,11.04335,232
D302_R5304a_Ritorno_sub2,45.89096,11.04335,233
D302_R5304a_Ritorno_sub2,45.89087,11.04339,234
D302_R5304a_Ritorno_sub2,45.89084,11.04363,235
D302_R5304a_Ritorno_sub2,45.89090,11.04377,236
D302_R5304a_Ritorno_sub2,45.89104,11.04378,237
D302_R5304a_Ritorno_sub2,45.89105,11.04385,238
D302_R5304a_Ritorno_sub2,45.89105,11.04385,239
D302_R5304a_Ritorno_sub2,45.89165,11.04387,240
D302_R5304a_Ritorno_sub2,45.89539,11.04348,241
D302_R5304a_Ritorno_sub2,45.89629,11.04327,242
D302_R5304a_Ritorno_sub2,45.89874,11.04240,243
D302_R5304a_Ritorno_sub2,45.89874,11.04240,244
D302_R5304a_Ritorno_sub2,45.90287,11.04128,245
D302_R5304a_Ritorno_sub2,45.90396,11.04093,246
D302_R5304a_Ritorno_sub2,45.90396,11.04093,247
D302_R5304a_Ritorno_sub2,45.90399,11.04107,248
D302_R5304a_Ritorno_sub2,45.90399,11.04107,249
D302_R5304a_Ritorno_sub2,45.90408,11.04103,250
D302_R5304a_Ritorno_sub2,45.90407,11.04090,251
D302_R5304a_Ritorno_sub2,45.90407,11.04090,252
D302_R5304a_Ritorno_sub2,45.90534,11.04037,253
D302_R5304a_Ritorno_sub2,45.90587,11.04020,254
D302_R5304a_Ritorno_sub2,45.90632,11.04011,255
D302_R5304a_Ritorno_sub2,45.90688,11.04014,256
D302_R5304a_Ritorno_sub2,45.90753,11.04028,257
D302_R5304a_Ritorno_sub2,45.90767,11.04040,258
D302_R5304a_Ritorno_sub2,45.90864,11.04084,259
D302_R5304a_Ritorno_sub2,45.91044,11.03991,260
D302_R5304a_Ritorno_sub2,45.91044,11.03991,261
D302_R5304a_Ritorno_sub2,45.91127,11.03946,262
D302_R5304a_Ritorno_sub2,45.91206,11.03919,263
D302_R5304a_Ritorno_sub2,45.91227,11.03903,264
D302_R5304a_Ritorno_sub2,45.91278,11.03814,265
D302_R5304a_Ritorno_sub2,45.91291,11.03780,266
D302_R5304a_Ritorno_sub2,45.91368,11.03622,267
D302_R5304a_Ritorno_sub2,45.91397,11.03552,268
D302_R5304a_Ritorno_sub2,45.91397,11.03552,269
D302_R5304a_Ritorno_sub2,45.91418,11.03552,270
D302_R5304a_Ritorno_sub2,45.91429,11.03541,271
D302_R5304a_Ritorno_sub2,45.91436,11.03526,272
D302_R5304a_Ritorno_sub2,45.91440,11.03487,273
D302_R5304a_Ritorno_sub2,45.91431,11.03471,274
D302_R5304a_Ritorno_sub2,45.91484,11.03335,275
D302_R5304a_Ritorno_sub2,45.91494,11.03322,276
D302_R5304a_Ritorno_sub2,45.91494,11.03322,277
D302_R5304a_Ritorno_sub2,45.91467,11.03302,278
D302_R5304a_Ritorno_sub2,45.91456,11.03299,279
D302_R5304a_Ritorno_sub2,45.91374,11.03296,280
D302_R5304a_Ritorno_sub2,45.91347,11.03288,281
D302_R5304a_Ritorno_sub2,45.91312,11.03265,282
D302_R5304a_Ritorno_sub2,45.91253,11.03204,283
D302_R5304a_Ritorno_sub2,45.91253,11.03204,284
D302_R5304a_Ritorno_sub2,45.91249,11.03179,285
D302_R5304a_Ritorno_sub2,45.91175,11.02940,286
D302_R5304a_Ritorno_sub2,45.91160,11.02848,287
D302_R5304a_Ritorno_sub2,45.91160,11.02848,288
D302_R5304a_Ritorno_sub2,45.91144,11.02746,289
D302_R5304a_Ritorno_sub2,45.91141,11.02702,290
D302_R5304a_Ritorno_sub2,45.91152,11.02662,291
D302_R5304a_Ritorno_sub2,45.91186,11.02586,292
D302_R5304a_Ritorno_sub2,45.91181,11.02518,293
D302_R5304a_Ritorno_sub2,45.91185,11.02473,294
D302_R5304a_Ritorno_sub2,45.91185,11.02473,295
D302_R5304a_Ritorno_sub2,45.91262,11.02636,296
D302_R5304a_Ritorno_sub2,45.91271,11.02647,297
D302_R5304a_Ritorno_sub2,45.91299,11.02672,298
D302_R5304a_Ritorno_sub2,45.91455,11.02760,299
D302_R5304a_Ritorno_sub2,45.91455,11.02760,300
D302_R5304a_Ritorno_sub2,45.91498,11.02775,301
D302_R5304a_Ritorno_sub2,45.91559,11.02780,302
D302_R5304a_Ritorno_sub2,45.91590,11.02775,303
D302_R5304a_Ritorno_sub2,45.91600,11.02768,304
D302_R5304a_Ritorno_sub2,45.91600,11.02768,305
D302_R5304a_Ritorno_sub2,45.91566,11.02729,306
D302_R5304a_Ritorno_sub2,45.91490,11.02619,307
D302_R5304a_Ritorno_sub2,45.91490,11.02619,308
D302_R5304a_Ritorno_sub2,45.91490,11.02568,309
D302_R5304a_Ritorno_sub2,45.91505,11.02461,310
D302_R5304a_Ritorno_sub2,45.91515,11.02422,311
D302_R5304a_Ritorno_sub2,45.91529,11.02404,312
D302_R5304a_Ritorno_sub2,45.91529,11.02404,313
D302_R5304a_Ritorno_sub2,45.91517,11.02378,314
D302_R5304a_Ritorno_sub2,45.91477,11.02218,315
D302_R5304a_Ritorno_sub2,45.91468,11.02204,316
D302_R5304a_Ritorno_sub2,45.91448,11.02194,317
D302_R5304a_Ritorno_sub2,45.91432,11.02144,318
D302_R5304a_Ritorno_sub2,45.91415,11.02124,319
D302_R5304a_Ritorno_sub2,45.91351,11.02103,320
D302_R5304a_Ritorno_sub2,45.91338,11.02084,321
D302_R5304a_Ritorno_sub2,45.91329,11.02058,322
D302_R5304a_Ritorno_sub2,45.91315,11.02033,323
D302_R5304a_Ritorno_sub2,45.91288,11.01997,324
D302_R5304a_Ritorno_sub2,45.91289,11.01988,325
D302_R5304a_Ritorno_sub2,45.91297,11.01977,326
D302_R5304a_Ritorno_sub2,45.91331,11.01993,327
D302_R5304a_Ritorno_sub2,45.91368,11.01995,328
D302_R5304a_Ritorno_sub2,45.91467,11.01909,329
D302_R5304a_Ritorno_sub2,45.91568,11.01649,330
D302_R5304a_Ritorno_sub2,45.91571,11.01650,331
D302_R5304a_Ritorno_sub2,45.91571,11.01650,332
D302_R5304a_Ritorno_sub2,45.91582,11.01664,333
D302_R5304a_Ritorno_sub2,45.91582,11.01664,334
D302_R5304a_Ritorno_sub2,45.91600,11.01704,335
D302_R5304a_Ritorno_sub2,45.91608,11.01740,336
D302_R5304a_Ritorno_sub2,45.91602,11.01915,337
D302_R5304a_Ritorno_sub2,45.91609,11.01928,338
D302_R5304a_Ritorno_sub2,45.91632,11.01935,339
D302_R5304a_Ritorno_sub2,45.91632,11.01935,340
D302_R5304a_Ritorno_sub2,45.91639,11.01946,341
D302_R5304a_Ritorno_sub2,45.91640,11.01989,342
D302_R5304a_Ritorno_sub2,45.91646,11.02002,343
D302_R5304a_Ritorno_sub2,45.91709,11.02048,344
D302_R5304a_Ritorno_sub2,45.91745,11.02091,345
D302_R5304a_Ritorno_sub2,45.91761,11.02098,346
D302_R5304a_Ritorno_sub2,45.91810,11.02088,347
D302_R5304a_Ritorno_sub2,45.91810,11.02088,348
D302_R5304a_Ritorno_sub2,45.91829,11.02061,349
D302_R5304a_Ritorno_sub2,45.91833,11.02042,350
D302_R5304a_Ritorno_sub2,45.91831,11.02022,351
D302_R5304a_Ritorno_sub2,45.91820,11.01999,352
D302_R5304a_Ritorno_sub2,45.91749,11.01913,353
D302_R5304a_Ritorno_sub2,45.91747,11.01897,354
D302_R5304a_Ritorno_sub2,45.91754,11.01883,355
D302_R5304a_Ritorno_sub2,45.91772,11.01882,356
D302_R5304a_Ritorno_sub2,45.91918,11.01935,357
D302_R5304a_Ritorno_sub2,45.91941,11.01930,358
D302_R5304a_Ritorno_sub2,45.92004,11.01890,359
D302_R5304a_Ritorno_sub2,45.92037,11.01885,360
D302_R5304a_Ritorno_sub2,45.92163,11.02000,361
D302_R5304a_Ritorno_sub2,45.92191,11.02013,362
D302_R5304a_Ritorno_sub2,45.92248,11.02022,363
D302_R5304a_Ritorno_sub2,45.92252,11.02031,364
D302_R5304a_Ritorno_sub2,45.92251,11.02044,365
D302_R5304a_Ritorno_sub2,45.92255,11.02050,366
D302_R5304a_Ritorno_sub2,45.92255,11.02050,367
D302_R5304a_Ritorno_sub2,45.92262,11.02054,368
D2_C0541_Andata_sub2,46.06593,11.15471,1
D2_C0541_Andata_sub2,46.06612,11.15504,2
D2_C0541_Andata_sub2,46.06612,11.15504,3
D2_C0541_Andata_sub2,46.06639,11.15629,4
D2_C0541_Andata_sub2,46.06642,11.15679,5
D2_C0541_Andata_sub2,46.06636,11.15713,6
D2_C0541_Andata_sub2,46.06625,11.15734,7
D2_C0541_Andata_sub2,46.06475,11.15872,8
D2_C0541_Andata_sub2,46.06463,11.15899,9
D2_C0541_Andata_sub2,46.06464,11.15928,10
D2_C0541_Andata_sub2,46.06482,11.15947,11
D2_C0541_Andata_sub2,46.06549,11.15957,12
D2_C0541_Andata_sub2,46.06643,11.15992,13
D2_C0541_Andata_sub2,46.06695,11.16047,14
D2_C0541_Andata_sub2,46.06793,11.16178,15
D2_C0541_Andata_sub2,46.06810,11.16191,16
D2_C0541_Andata_sub2,46.06825,11.16183,17
D2_C0541_Andata_sub2,46.06847,11.16131,18
D2_C0541_Andata_sub2,46.06860,11.16111,19
D2_C0541_Andata_sub2,46.06896,11.16102,20
D2_C0541_Andata_sub2,46.06914,11.16112,21
D2_C0541_Andata_sub2,46.06914,11.16112,22
D2_C0541_Andata_sub2,46.06967,11.16196,23
D2_C0541_Andata_sub2,46.07034,11.16251,24
D2_C0541_Andata_sub2,46.07034,11.16251,25
D2_C0541_Andata_sub2,46.07024,11.16283,26
D2_C0541_Andata_sub2,46.07011,11.16298,27
D2_C0541_Andata_sub2,46.06921,11.16329,28
D2_C0541_Andata_sub2,46.06904,11.16345,29
D2_C0541_Andata_sub2,46.06886,11.16374,30
D2_C0541_Andata_sub2,46.06862,11.16394,31
D2_C0541_Andata_sub2,46.06772,11.16422,32
D2_C0541_Andata_sub2,46.06760,11.16432,33
D2_C0541_Andata_sub2,46.06741,11.16483,34
D2_C0541_Andata_sub2,46.06736,11.16487,35
D2_C0541_Andata_sub2,46.06714,11.16555,36
D2_C0541_Andata_sub2,46.06695,11.16575,37
D2_C0541_Andata_sub2,46.06650,11.16595,38
D2_C0541_Andata_sub2,46.06600,11.16670,39
D2_C0541_Andata_sub2,46.06600,11.16692,40
D2_C0541_Andata_sub2,46.06613,11.16735,41
D2_C0541_Andata_sub2,46.06605,11.16737,42
D2_C0541_Andata_sub2,46.06591,11.16713,43
D2_C0541_Andata_sub2,46.06584,11.16711,44
D2_C0541_Andata_sub2,46.06571,11.16718,45
D2_C0541_Andata_sub2,46.06568,11.16727,46
D2_C0541_Andata_sub2,46.06571,11.16769,47
D2_C0541_Andata_sub2,46.06590,11.16845,48
D2_C0541_Andata_sub2,46.06601,11.16875,49
D2_C0541_Andata_sub2,46.06638,11.16925,50
D2_C0541_Andata_sub2,46.06640,11.16936,51
D2_C0541_Andata_sub2,46.06632,11.16960,52
D2_C0541_Andata_sub2,46.06626,11.17003,53
D2_C0541_Andata_sub2,46.06637,11.17051,54
D2_C0541_Andata_sub2,46.06628,11.17066,55
D2_C0541_Andata_sub2,46.06616,11.17065,56
D2_C0541_Andata_sub2,46.06590,11.17029,57
D2_C0541_Andata_sub2,46.06578,11.16965,58
D2_C0541_Andata_sub2,46.06567,11.16964,59
D2_C0541_Andata_sub2,46.06555,11.16992,60
D2_C0541_Andata_sub2,46.06545,11.17042,61
D2_C0541_Andata_sub2,46.06550,11.17063,62
D2_C0541_Andata_sub2,46.06541,11.17141,63
D2_C0541_Andata_sub2,46.06553,11.17203,64
D2_C0541_Andata_sub2,46.06570,11.17224,65
D2_C0541_Andata_sub2,46.06570,11.17224,66
D2_C0541_Andata_sub2,46.06618,11.17268,67
D2_C0541_Andata_sub2,46.06649,11.17311,68
D2_C0541_Andata_sub2,46.06691,11.17455,69
D2_C0541_Andata_sub2,46.06689,11.17499,70
D2_C0541_Andata_sub2,46.06693,11.17504,71
D2_C0541_Andata_sub2,46.06735,11.17508,72
D2_C0541_Andata_sub2,46.06754,11.17520,73
D2_C0541_Andata_sub2,46.06810,11.17576,74
D2_C0541_Andata_sub2,46.06826,11.17599,75
D2_C0541_Andata_sub2,46.06834,11.17666,76
D2_C0541_Andata_sub2,46.06834,11.17699,77
D2_C0541_Andata_sub2,46.06827,11.17752,78
D2_C0541_Andata_sub2,46.06815,11.17784,79
D2_C0541_Andata_sub2,46.06814,11.17796,80
D2_C0541_Andata_sub2,46.06820,11.17818,81
D2_C0541_Andata_sub2,46.06827,11.17827,82
D2_C0541_Andata_sub2,46.06883,11.17859,83
D2_C0541_Andata_sub2,46.06898,11.17873,84
D2_C0541_Andata_sub2,46.06913,11.17871,85
D2_C0541_Andata_sub2,46.06946,11.17860,86
D2_C0541_Andata_sub2,46.06976,11.17841,87
D2_C0541_Andata_sub2,46.06989,11.17822,88
D2_C0541_Andata_sub2,46.07044,11.17689,89
D2_C0541_Andata_sub2,46.07062,11.17650,90
D2_C0541_Andata_sub2,46.07067,11.17644,91
D2_C0541_Andata_sub2,46.07075,11.17643,92
D2_C0541_Andata_sub2,46.07084,11.17645,93
D2_C0541_Andata_sub2,46.07116,11.17662,94
D2_C0541_Andata_sub2,46.07172,11.17676,95
D2_C0541_Andata_sub2,46.07177,11.17682,96
D2_C0541_Andata_sub2,46.07183,11.17679,97
D2_C0541_Andata_sub2,46.07183,11.17671,98
D2_C0541_Andata_sub2,46.07179,11.17665,99
D2_C0541_Andata_sub2,46.07173,11.17669,100
D2_C0541_Andata_sub2,46.07116,11.17654,101
D2_C0541_Andata_sub2,46.07086,11.17639,102
D2_C0541_Andata_sub2,46.07076,11.17634,103
D2_C0541_Andata_sub2,46.07065,11.17636,104
D2_C0541_Andata_sub2,46.07057,11.17647,105
D2_C0541_Andata_sub2,46.07039,11.17685,106
D2_C0541_Andata_sub2,46.06984,11.17817,107
D2_C0541_Andata_sub2,46.06973,11.17832,108
D2_C0541_Andata_sub2,46.06946,11.17849,109
D2_C0541_Andata_sub2,46.06914,11.17862,110
D2_C0541_Andata_sub2,46.06900,11.17863,111
D2_C0541_Andata_sub2,46.06885,11.17850,112
D2_C0541_Andata_sub2,46.06827,11.17816,113
D2_C0541_Andata_sub2,46.06830,11.17848,114
D2_C0541_Andata_sub2,46.06830,11.17848,115
D2_C0541_Andata_sub2,46.06802,11.17974,116
D2_C0541_Andata_sub2,46.06791,11.17995,117
D2_C0541_Andata_sub2,46.06751,11.18030,118
D2_C0541_Andata_sub2,46.06746,11.18062,119
D2_C0541_Andata_sub2,46.06755,11.18094,120
D2_C0541_Andata_sub2,46.06764,11.18106,121
D2_C0541_Andata_sub2,46.06771,11.18110,122
D2_C0541_Andata_sub2,46.06818,11.18095,123
D2_C0541_Andata_sub2,46.06824,11.18103,124
D2_C0541_Andata_sub2,46.06822,11.18121,125
D2_C0541_Andata_sub2,46.06795,11.18153,126
D2_C0541_Andata_sub2,46.06768,11.18177,127
D2_C0541_Andata_sub2,46.06753,11.18181,128
D2_C0541_Andata_sub2,46.06740,11.18179,129
D2_C0541_Andata_sub2,46.06728,11.18167,130
D2_C0541_Andata_sub2,46.06676,11.18096,131
D2_C0541_Andata_sub2,46.06670,11.18098,132
D2_C0541_Andata_sub2,46.06667,11.18106,133
D2_C0541_Andata_sub2,46.06676,11.18155,134
D2_C0541_Andata_sub2,46.06689,11.18198,135
D2_C0541_Andata_sub2,46.06725,11.18273,136
D2_C0541_Andata_sub2,46.06751,11.18298,137
D2_C0541_Andata_sub2,46.06764,11.18332,138
D2_C0541_Andata_sub2,46.06769,11.18359,139
D2_C0541_Andata_sub2,46.06767,11.18404,140
D2_C0541_Andata_sub2,46.06756,11.18456,141
D2_C0541_Andata_sub2,46.06756,11.18456,142
D2_C0541_Andata_sub2,46.06776,11.18484,143
