D287_R5217_Andata_sub2,45.89595,11.04336,1
D287_R5217_Andata_sub2,45.89539,11.04348,2
D287_R5217_Andata_sub2,45.89162,11.04389,3
D287_R5217_Andata_sub2,45.89105,11.04384,4
D287_R5217_Andata_sub2,45.89104,11.04378,5
D287_R5217_Andata_sub2,45.89109,11.04362,6
D287_R5217_Andata_sub2,45.89107,11.04342,7
D287_R5217_Andata_sub2,45.89095,11.04335,8
D287_R5217_Andata_sub2,45.89095,11.04037,9
D287_R5217_Andata_sub2,45.89095,11.03991,10
D287_R5217_Andata_sub2,45.89185,11.04020,11
D287_R5217_Andata_sub2,45.89315,11.03679,12
D287_R5217_Andata_sub2,45.89327,11.03640,13
D287_R5217_Andata_sub2,45.89400,11.03454,14
D287_R5217_Andata_sub2,45.89408,11.03425,15
D287_R5217_Andata_sub2,45.89450,11.03325,16
D287_R5217_Andata_sub2,45.89467,11.03298,17
D287_R5217_Andata_sub2,45.89518,11.03250,18
D287_R5217_Andata_sub2,45.89563,11.03205,19
D287_R5217_Andata_sub2,45.89604,11.03081,20
D287_R5217_Andata_sub2,45.89609,11.03052,21
D287_R5217_Andata_sub2,45.89606,11.03027,22
D287_R5217_Andata_sub2,45.89583,11.02977,23
D287_R5217_Andata_sub2,45.89586,11.02907,24
D287_R5217_Andata_sub2,45.89546,11.02887,25
D287_R5217_Andata_sub2,45.89529,11.02953,26
D287_R5217_Andata_sub2,45.89500,11.02954,27
D287_R5217_Andata_sub2,45.89452,11.02977,28
D287_R5217_Andata_sub2,45.89396,11.03034,29
D287_R5217_Andata_sub2,45.89192,11.03273,30
D287_R5217_Andata_sub2,45.89175,11.03301,31
D287_R5217_Andata_sub2,45.89054,11.03271,32
D287_R5217_Andata_sub2,45.88830,11.03227,33
D287_R5217_Andata_sub2,45.88758,11.03222,34
D287_R5217_Andata_sub2,45.88735,11.03121,35
D287_R5217_Andata_sub2,45.88722,11.03026,36
D287_R5217_Andata_sub2,45.88757,11.02363,37
D287_R5217_Andata_sub2,45.88726,11.02344,38
D287_R5217_Andata_sub2,45.88705,11.02339,39
D287_R5217_Andata_sub2,45.88521,11.02321,40
D287_R5217_Andata_sub2,45.88496,11.02327,41
D287_R5217_Andata_sub2,45.88480,11.02336,42
D287_R5217_Andata_sub2,45.88451,11.02212,43
D287_R5217_Andata_sub2,45.88419,11.02145,44
D287_R5217_Andata_sub2,45.88396,11.02108,45
D287_R5217_Andata_sub2,45.88374,11.02058,46
D287_R5217_Andata_sub2,45.88339,11.01944,47
D287_R5217_Andata_sub2,45.88340,11.01893,48
D287_R5217_Andata_sub2,45.88353,11.01846,49
D287_R5217_Andata_sub2,45.88439,11.01800,50
D287_R5217_Andata_sub2,45.88456,11.01800,51
D287_R5217_Andata_sub2,45.88460,11.01811,52
D287_R5217_Andata_sub2,45.88467,11.01812,53
D287_R5217_Andata_sub2,45.88472,11.01803,54
D287_R5217_Andata_sub2,45.88473,11.01792,55
D287_R5217_Andata_sub2,45.88466,11.01784,56
D287_R5217_Andata_sub2,45.88455,11.01790,57
D287_R5217_Andata_sub2,45.88439,11.01785,58
D287_R5217_Andata_sub2,45.88344,11.01836,59
D287_R5217_Andata_sub2,45.88328,11.01891,60
D287_R5217_Andata_sub2,45.88329,11.01947,61
D287_R5217_Andata_sub2,45.88367,11.02067,62
D287_R5217_Andata_sub2,45.88388,11.02117,63
D287_R5217_Andata_sub2,45.88411,11.02152,64
D287_R5217_Andata_sub2,45.88440,11.02215,65
D287_R5217_Andata_sub2,45.88512,11.02481,66
D287_R5217_Andata_sub2,45.88630,11.02915,67
D2_C0541_Andata_sub2,46.06593,11.15471,1
D2_C0541_Andata_sub2,46.06612,11.15504,2
D2_C0541_Andata_sub2,46.06612,11.15504,3
D2_C0541_Andata_sub2,46.06639,11.15629,4
D2_C0541_Andata_sub2,46.06642,11.15679,5
D2_C0541_Andata_sub2,46.06636,11.15713,6
D2_C0541_Andata_sub2,46.06625,11.15734,7
D2_C0541_Andata_sub2,46.06475,11.15872,8
D2_C0541_Andata_sub2,46.06463,11.15899,9
D2_C0541_Andata_sub2,46.06464,11.15928,10
D2_C0541_Andata_sub2,46.06482,11.15947,11
D2_C0541_Andata_sub2,46.06549,11.15957,12
D2_C0541_Andata_sub2,46.06643,11.15992,13
D2_C0541_Andata_sub2,46.06695,11.16047,14
D2_C0541_Andata_sub2,46.06793,11.16178,15
D2_C0541_Andata_sub2,46.06810,11.16191,16
D2_C0541_Andata_sub2,46.06825,11.16183,17
D2_C0541_Andata_sub2,46.06847,11.16131,18
D2_C0541_Andata_sub2,46.06860,11.16111,19
D2_C0541_Andata_sub2,46.06896,11.16102,20
D2_C0541_Andata_sub2,46.06914,11.16112,21
D2_C0541_Andata_sub2,46.06914,11.16112,22
D2_C0541_Andata_sub2,46.06967,11.16196,23
D2_C0541_Andata_sub2,46.07034,11.16251,24
D2_C0541_Andata_sub2,46.07034,11.16251,25
D2_C0541_Andata_sub2,46.07024,11.16283,26
D2_C0541_Andata_sub2,46.07011,11.16298,27
D2_C0541_Andata_sub2,46.06921,11.16329,28
D2_C0541_Andata_sub2,46.06904,11.16345,29
D2_C0541_Andata_sub2,46.06886,11.16374,30
D2_C0541_Andata_sub2,46.06862,11.16394,31
D2_C0541_Andata_sub2,46.06772,11.16422,32
D2_C0541_Andata_sub2,46.06760,11.16432,33
D2_C0541_Andata_sub2,46.06741,11.16483,34
D2_C0541_Andata_sub2,46.06736,11.16487,35
D2_C0541_Andata_sub2,46.06714,11.16555,36
D2_C0541_Andata_sub2,46.06695,11.16575,37
D2_C0541_Andata_sub2,46.06650,11.16595,38
D2_C0541_Andata_sub2,46.06600,11.16670,39
D2_C0541_Andata_sub2,46.06600,11.16692,40
D2_C0541_Andata_sub2,46.06613,11.16735,41
D2_C0541_Andata_sub2,46.06605,11.16737,42
D2_C0541_Andata_sub2,46.06591,11.16713,43
D2_C0541_Andata_sub2,46.06584,11.16711,44
D2_C0541_Andata_sub2,46.06571,11.16718,45
D2_C0541_Andata_sub2,46.06568,11.16727,46
D2_C0541_Andata_sub2,46.06571,11.16769,47
D2_C0541_Andata_sub2,46.06590,11.16845,48
D2_C0541_Andata_sub2,46.06601,11.16875,49
D2_C0541_Andata_sub2,46.06638,11.16925,50
D2_C0541_Andata_sub2,46.06640,11.16936,51
D2_C0541_Andata_sub2,46.06632,11.16960,52
D2_C0541_Andata_sub2,46.06626,11.17003,53
D2_C0541_Andata_sub2,46.06637,11.17051,54
D2_C0541_Andata_sub2,46.06628,11.17066,55
D2_C0541_Andata_sub2,46.06616,11.17065,56
D2_C0541_Andata_sub2,46.06590,11.17029,57
D2_C0541_Andata_sub2,46.06578,11.16965,58
D2_C0541_Andata_sub2,46.06567,11.16964,59
D2_C0541_Andata_sub2,46.06555,11.16992,60
D2_C0541_Andata_sub2,46.06545,11.17042,61
D2_C0541_Andata_sub2,46.06550,11.17063,62
D2_C0541_Andata_sub2,46.06541,11.17141,63
D2_C0541_Andata_sub2,46.06553,11.17203,64
D2_C0541_Andata_sub2,46.06570,11.17224,65
D2_C0541_Andata_sub2,46.06570,11.17224,66
D2_C0541_Andata_sub2,46.06618,11.17268,67
D2_C0541_Andata_sub2,46.06649,11.17311,68
D2_C0541_Andata_sub2,46.06691,11.17455,69
D2_C0541_Andata_sub2,46.06689,11.17499,70
D2_C0541_Andata_sub2,46.06693,11.17504,71
D2_C0541_Andata_sub2,46.06735,11.17508,72
D2_C0541_Andata_sub2,46.06754,11.17520,73
D2_C0541_Andata_sub2,46.06810,11.17576,74
D2_C0541_Andata_sub2,46.06826,11.17599,75
D2_C0541_Andata_sub2,46.06834,11.17666,76
D2_C0541_Andata_sub2,46.06834,11.17699,77
D2_C0541_Andata_sub2,46.06827,11.17752,78
D2_C0541_Andata_sub2,46.06815,11.17784,79
D2_C0541_Andata_sub2,46.06814,11.17796,80
D2_C0541_Andata_sub2,46.06820,11.17818,81
D2_C0541_Andata_sub2,46.06827,11.17827,82
D2_C0541_Andata_sub2,46.06883,11.17859,83
D2_C0541_Andata_sub2,46.06898,11.17873,84
D2_C0541_Andata_sub2,46.06913,11.17871,85
D2_C0541_Andata_sub2,46.06946,11.17860,86
D2_C0541_Andata_sub2,46.06976,11.17841,87
D2_C0541_Andata_sub2,46.06989,11.17822,88
D2_C0541_Andata_sub2,46.07044,11.17689,89
D2_C0541_Andata_sub2,46.07062,11.17650,90
D2_C0541_Andata_sub2,46.07067,11.17644,91
D2_C0541_Andata_sub2,46.07075,11.17643,92
D2_C0541_Andata_sub2,46.07084,11.17645,93
D2_C0541_Andata_sub2,46.07116,11.17662,94
D2_C0541_Andata_sub2,46.07172,11.17676,95
D2_C0541_Andata_sub2,46.07177,11.17682,96
D2_C0541_Andata_sub2,46.07183,11.17679,97
D2_C0541_Andata_sub2,46.07183,11.17671,98
D2_C0541_Andata_sub2,46.07179,11.17665,99
D2_C0541_Andata_sub2,46.07173,11.17669,100
D2_C0541_Andata_sub2,46.07116,11.17654,101
D2_C0541_Andata_sub2,46.07086,11.17639,102
D2_C0541_Andata_sub2,46.07076,11.17634,103
D2_C0541_Andata_sub2,46.07065,11.17636,104
D2_C0541_Andata_sub2,46.07057,11.17647,105
D2_C0541_Andata_sub2,46.07039,11.17685,106
D2_C0541_Andata_sub2,46.06984,11.17817,107
D2_C0541_Andata_sub2,46.06973,11.17832,108
D2_C0541_Andata_sub2,46.06946,11.17849,109
D2_C0541_Andata_sub2,46.06914,11.17862,110
D2_C0541_Andata_sub2,46.06900,11.17863,111
D2_C0541_Andata_sub2,46.06885,11.17850,112
D2_C0541_Andata_sub2,46.06827,11.17816,113
D2_C0541_Andata_sub2,46.06830,11.17848,114
D2_C0541_Andata_sub2,46.06830,11.17848,115
D2_C0541_Andata_sub2,46.06802,11.17974,116
D2_C0541_Andata_sub2,46.06791,11.17995,117
D2_C0541_Andata_sub2,46.06751,11.18030,118
D2_C0541_Andata_sub2,46.06746,11.18062,119
D2_C0541_Andata_sub2,46.06755,11.18094,120
D2_C0541_Andata_sub2,46.06764,11.18106,121
D2_C0541_Andata_sub2,46.06771,11.18110,122
D2_C0541_Andata_sub2,46.06818,11.18095,123
D2_C0541_Andata_sub2,46.06824,11.18103,124
D2_C0541_Andata_sub2,46.06822,11.18121,125
D2_C0541_Andata_sub2,46.06795,11.18153,126
D2_C0541_Andata_sub2,46.06768,11.18177,127
D2_C0541_Andata_sub2,46.06753,11.18181,128
D2_C0541_Andata_sub2,46.06740,11.18179,129
D2_C0541_Andata_sub2,46.06728,11.18167,130
D2_C0541_Andata_sub2,46.06676,11.18096,131
D2_C0541_Andata_sub2,46.06670,11.18098,132
D2_C0541_Andata_sub2,46.06667,11.18106,133
D2_C0541_Andata_sub2,46.06676,11.18155,134
D2_C0541_Andata_sub2,46.06689,11.18198,135
D2_C0541_Andata_sub2,46.06725,11.18273,136
D2_C0541_Andata_sub2,46.06751,11.18298,137
D2_C0541_Andata_sub2,46.06764,11.18332,138
D2_C0541_Andata_sub2,46.06769,11.18359,139
D2_C0541_Andata_sub2,46.06767,11.18404,140
D2_C0541_Andata_sub2,46.06756,11.18456,141
D2_C0541_Andata_sub2,46.06756,11.18456,142
D2_C0541_Andata_sub2,46.06776,11.18484,143
